ATF2	gm12878_2	8	8	0.191	0.0883469503789502	100
ATF2	gm12878_6	17	13	0.863	0.781221830733364	76.4705882352941
ATF2	gm12878_12	13	13	0.432	0.171951335059034	100
ATF2	gm12878_14	24	19	0.866	0.810024986586925	79.1666666666667
ATF2	gm12878_57	9	8	0.814	0.620147333525612	88.8888888888889
ATF2	gm12878_147	12	12	0.339	0.15666770215438	100
ATF2	gm12878_164	34	28	0.993	0.993141852220897	82.3529411764706
ATF2	gm12878_209	14	14	0.854	0.348947206493433	100
ATF2	gm12878_237	10	9	0.509	0.295416386705718	90
ATF2	gm12878_283	14	14	0.262	0.118106438345566	100
ATF2	gm12878_412	26	26	0.427	0.188693778424847	100
ELF1	gm12878_1	7	5	0.997	0.999997936049105	71.4285714285714
ELF1	gm12878_2	8	8	0.414	0.162671611900258	100
ELF1	gm12878_4	10	9	0.865	0.675470894914873	90
ELF1	gm12878_5	9	9	0.453	0.179726033520102	100
ELF1	gm12878_6	17	16	0.641	0.392396479682498	94.1176470588235
ELF1	gm12878_9	7	7	0.474	0.188147432921086	100
ELF1	gm12878_10	13	11	0.812	0.680589587913286	84.6153846153846
ELF1	gm12878_11	25	22	0.855	0.768733233349199	88
ELF1	gm12878_14	24	22	0.904	0.814481717152937	91.6666666666667
ELF1	gm12878_15	20	14	0.954	0.948011913831387	70
ELF1	gm12878_50	14	13	0.769	0.521646968284608	92.8571428571429
ELF1	gm12878_53	3	3	0.925	0.391926210595468	100
ELF1	gm12878_54	38	35	0.816	0.707065345424245	92.1052631578947
ELF1	gm12878_56	19	17	0.82	0.686181332358849	89.4736842105263
ELF1	gm12878_63	5	3	1	0.999999995103132	60
ELF1	gm12878_64	13	10	0.988	0.991897770449073	76.9230769230769
ELF1	gm12878_66	9	8	0.876	0.70588224833093	88.8888888888889
ELF1	gm12878_67	54	49	0.566	0.497820085459373	90.7407407407407
ELF1	gm12878_70	6	6	0.828	0.338725048717963	100
ELF1	gm12878_71	7	7	0.551	0.229437127843759	100
ELF1	gm12878_72	14	11	0.967	0.951926014534328	78.5714285714286
ELF1	gm12878_74	7	7	0.676	0.276308855643913	100
ELF1	gm12878_76	13	12	0.756	0.530226259529251	92.3076923076923
ELF1	gm12878_126	30	30	0.167	0.135873213521648	100
ELF1	gm12878_132	11	9	0.913	0.809077643233939	81.8181818181818
ELF1	gm12878_133	11	10	0.664	0.438321908741955	90.9090909090909
ELF1	gm12878_145	15	14	0.673	0.451959047753138	93.3333333333333
ELF1	gm12878_146	10	10	0.558	0.220149767733866	100
ELF1	gm12878_147	12	12	0.63	0.262051795344909	100
ELF1	gm12878_163	7	7	0.967	0.430950516238295	100
ELF1	gm12878_164	34	31	0.942	0.978761611369731	91.1764705882353
ELF1	gm12878_165	8	8	0.375	0.162867714712494	100
ELF1	gm12878_176	9	9	0.49	0.20008405481917	100
ELF1	gm12878_188	12	12	0.485	0.198810716757012	100
ELF1	gm12878_203	6	6	0.984	0.449291501417834	100
ELF1	gm12878_204	9	8	0.865	0.661165896000872	88.8888888888889
ELF1	gm12878_208	7	7	0.622	0.245802526402375	100
ELF1	gm12878_241	18	18	1	0	100
ELF1	gm12878_330	19	19	0.275	0.130334452257057	100
ELF1	gm12878_331	10	10	1	0	100
ELF1	gm12878_334	6	6	0.729	0.292293230294942	100
ELF1	gm12878_335	15	14	0.799	0.595159996966733	93.3333333333333
ELF1	gm12878_351	9	8	0.901	0.729048604041914	88.8888888888889
ELF1	gm12878_352	7	6	0.923	0.794847915441909	85.7142857142857
ELF1	gm12878_439	10	9	0.841	0.644262187802206	90
ELF1	gm12878_543	9	9	0.877	0.360648453671766	100
ETV6	gm12878_0	8	2	0.98	0.970313805128435	25
ETV6	gm12878_77	9	6	0.957	0.827673781577748	66.6666666666667
ETV6	gm12878_91	8	7	0.255	0.1444230272497	87.5
ETV6	gm12878_108	20	13	0.641	0.559852718946049	65
ETV6	gm12878_139	10	10	0.043	0.0315204739144072	100
ETV6	gm12878_264	8	1	0.999	0.998436177279386	12.5
ETV6	gm12878_265	12	7	0.902	0.92626377498505	58.3333333333333
ETV6	gm12878_266	8	7	0.607	0.38385785922954	87.5
ETV6	gm12878_267	12	8	0.702	0.634142215622991	66.6666666666667
ETV6	gm12878_268	7	3	0.882	0.810177510011081	42.8571428571429
ETV6	gm12878_273	8	4	0.771	0.680643589813246	50
ETV6	gm12878_274	10	9	0.107	0.0567195703452078	90
ETV6	gm12878_375	12	1	1	1	8.33333333333333
ETV6	gm12878_448	18	10	0.966	0.978405176039987	55.5555555555556
ETV6	gm12878_471	20	9	0.967	0.948878724654015	45
ETV6	gm12878_595	8	8	0.858	0.351228359847809	100
IKZF1	gm12878_0	8	6	0.947	0.921298296222303	75
IKZF1	gm12878_101	16	15	0.636	0.399920794233908	93.75
IKZF1	gm12878_447	6	6	0.9	0.371379165537991	100
IKZF1	gm12878_585	8	8	0.633	0.250848681714569	100
IKZF2	gm12878_9	7	6	0.736	0.481863681015986	85.7142857142857
IKZF2	gm12878_10	13	11	0.753	0.613340703562245	84.6153846153846
IKZF2	gm12878_11	25	21	0.911	0.853135262653342	84
IKZF2	gm12878_12	13	13	0.849	0.343545065144566	100
IKZF2	gm12878_14	24	20	0.799	0.691205390205253	83.3333333333333
IKZF2	gm12878_17	7	6	0.781	0.576040310365337	85.7142857142857
IKZF2	gm12878_18	7	6	0.928	0.795008136977087	85.7142857142857
IKZF2	gm12878_20	10	9	0.78	0.556959475252063	90
IKZF2	gm12878_21	32	32	0.217	0.144614596550317	100
IKZF2	gm12878_21	32	32	0.217	0.144614596550317	100
IKZF2	gm12878_34	8	8	0.502	0.216649311721424	100
IKZF2	gm12878_37	20	19	0.626	0.385916065400663	95
IKZF2	gm12878_47	8	8	0.393	0.164385127274672	100
IKZF2	gm12878_48	16	13	0.905	0.833754549894602	81.25
IKZF2	gm12878_80	11	10	0.569	0.351573003828091	90.9090909090909
IKZF2	gm12878_81	10	9	0.695	0.477674810832354	90
IKZF2	gm12878_83	20	19	0.566	0.340035172820263	95
IKZF2	gm12878_84	15	14	0.572	0.345473754773407	93.3333333333333
IKZF2	gm12878_85	5	5	0.58	0.23446708582438	100
IKZF2	gm12878_136	13	12	0.046	0.0350243952322541	92.3076923076923
IKZF2	gm12878_154	21	11	1	0.999996018518716	52.3809523809524
IKZF2	gm12878_178	22	22	0.24	0.116404855218865	100
IKZF2	gm12878_180	12	10	0.929	0.869841981399406	83.3333333333333
IKZF2	gm12878_210	12	11	0.47	0.282871020425797	91.6666666666667
IKZF2	gm12878_214	35	31	0.515	0.3780172758366	88.5714285714286
IKZF2	gm12878_225	43	42	0.094	0.0593153705239645	97.6744186046512
IKZF2	gm12878_233	14	12	0.825	0.696184988102648	85.7142857142857
IKZF2	gm12878_236	8	8	0.55	0.230907296990203	100
IKZF2	gm12878_239	14	14	0.295	0.156708541836797	100
IKZF2	gm12878_243	7	6	0.76	0.508165928438828	85.7142857142857
IKZF2	gm12878_256	8	8	0.485	0.203825908821074	100
IKZF2	gm12878_295	10	10	0.446	0.206024550779601	100
IKZF2	gm12878_305	9	9	0.54	0.226228457753918	100
IKZF2	gm12878_308	10	9	0.751	0.520112774035911	90
IKZF2	gm12878_320	11	8	0.934	0.904799898362839	72.7272727272727
IKZF2	gm12878_337	8	7	0.864	0.684586569999035	87.5
IKZF2	gm12878_348	9	8	0.739	0.486538632544088	88.8888888888889
IKZF2	gm12878_368	11	9	0.83	0.716177182707901	81.8181818181818
IKZF2	gm12878_369	11	11	0.298	0.149791102231168	100
IKZF2	gm12878_372	12	12	0.263	0.11737321941206	100
IKZF2	gm12878_373	8	5	0.995	0.984328044107481	62.5
IKZF2	gm12878_425	25	25	0.323	0.180200926276622	100
IKZF2	gm12878_470	9	8	0.735	0.504436983047591	88.8888888888889
IKZF2	gm12878_477	11	8	0.978	0.989822714376214	72.7272727272727
IKZF2	gm12878_496	6	6	0.899	0.380433041083721	100
IRF3	gm12878_2	8	2	0.444	0.309523910401359	25
IRF3	gm12878_4	10	3	0.832	0.769050188681768	30
IRF3	gm12878_6	17	3	0.899	0.864049661152696	17.6470588235294
IRF3	gm12878_9	7	5	0.012	0.00245745220425682	71.4285714285714
IRF3	gm12878_10	13	5	0.603	0.510502432670388	38.4615384615385
IRF3	gm12878_11	25	10	0.655	0.584382338346714	40
IRF3	gm12878_12	13	5	0.966	0.960327597648259	38.4615384615385
IRF3	gm12878_13	8	1	0.913	0.890113053289761	12.5
IRF3	gm12878_15	20	4	0.505	0.60120268195131	20
IRF3	gm12878_50	14	4	0.826	0.732730308532193	28.5714285714286
IRF3	gm12878_52	17	6	0.225	0.243728752063486	35.2941176470588
IRF3	gm12878_63	5	0	1	0.949305247170892	0
IRF3	gm12878_64	13	6	0.551	0.497075044113306	46.1538461538462
IRF3	gm12878_67	54	17	0.401	0.292353997738351	31.4814814814815
IRF3	gm12878_69	6	0	1	0.928567210452795	0
IRF3	gm12878_72	14	1	0.983	0.936663837576294	7.14285714285714
IRF3	gm12878_74	7	2	0.751	0.66331918878834	28.5714285714286
IRF3	gm12878_75	14	5	0.688	0.727862794727932	35.7142857142857
IRF3	gm12878_76	13	3	0.879	0.833942409868745	23.0769230769231
IRF3	gm12878_96	18	3	0.849	0.804873801769812	16.6666666666667
IRF3	gm12878_122	8	3	0.495	0.40342908815812	37.5
IRF3	gm12878_126	30	14	0.343	0.295961432860633	46.6666666666667
IRF3	gm12878_133	11	5	0.48	0.379278984697503	45.4545454545455
IRF3	gm12878_145	15	2	0.982	0.977530613470459	13.3333333333333
IRF3	gm12878_147	12	1	0.955	0.919332787341339	8.33333333333333
IRF3	gm12878_164	34	15	0.899	0.8905409180114	44.1176470588235
IRF3	gm12878_185	8	5	0.105	0.0328345776353756	62.5
IRF3	gm12878_188	12	4	0.746	0.706367836794644	33.3333333333333
IRF3	gm12878_205	8	0	1	0.982305861464122	0
IRF3	gm12878_208	7	1	0.974	0.938846187453158	14.2857142857143
IRF3	gm12878_240	16	14	0.044	0.0373732307941568	87.5
IRF3	gm12878_330	19	14	0.046	0.0486924292177875	73.6842105263158
IRF3	gm12878_331	10	2	1	0.99999992423797	20
IRF3	gm12878_351	9	3	0.823	0.80259300319929	33.3333333333333
IRF3	gm12878_352	7	4	0.515	0.400486120834809	57.1428571428571
IRF3	gm12878_359	14	6	0.575	0.569714931132805	42.8571428571429
IRF3	gm12878_380	13	13	0.011	0.0312871018148002	100
IRF3	gm12878_407	7	3	0.852	0.800909596415293	42.8571428571429
IRF3	gm12878_478	6	1	0.807	0.704129830626242	16.6666666666667
IRF5	gm12878_17	7	1	0.73	0.641205101843609	14.2857142857143
IRF5	gm12878_30	16	1	0.851	0.88786581565062	6.25
IRF5	gm12878_36	29	1	0.975	0.921834272721153	3.44827586206897
IRF5	gm12878_37	20	10	0.107	0.0736637325999028	50
IRF5	gm12878_40	8	2	0.305	0.158568239441284	25
IRF5	gm12878_43	7	6	0.004	0.000807918275035816	85.7142857142857
IRF5	gm12878_44	11	0	1	0.965533247296706	0
IRF5	gm12878_46	13	3	0.675	0.592941475253556	23.0769230769231
IRF5	gm12878_48	16	1	0.728	0.737160578364283	6.25
IRF5	gm12878_95	10	3	0.365	0.29257166253965	30
IRF5	gm12878_105	15	4	0.68	0.642129170053985	26.6666666666667
IRF5	gm12878_140	19	5	0.392	0.331352119355833	26.3157894736842
IRF5	gm12878_181	7	0	1	0.911563954680748	0
IRF5	gm12878_206	10	2	0.486	0.449625715159427	20
IRF5	gm12878_213	7	0	1	0.871765901315037	0
IRF5	gm12878_246	6	0	1	0.907691431544094	0
IRF5	gm12878_307	10	1	0.979	0.930579151068235	10
IRF5	gm12878_329	15	5	0.877	0.88237083675655	33.3333333333333
IRF5	gm12878_338	9	3	0.477	0.483471798799473	33.3333333333333
IRF5	gm12878_371	21	6	0.303	0.253831849643262	28.5714285714286
IRF5	gm12878_409	25	11	0.132	0.0938130421239475	44
IRF5	gm12878_410	13	6	0.214	0.149437336702443	46.1538461538462
IRF5	gm12878_416	9	0	1	0.903539756107786	0
IRF5	gm12878_417	9	4	0.223	0.141076338174727	44.4444444444444
IRF5	gm12878_493	8	2	0.574	0.580990129773019	25
IRF5	gm12878_522	9	3	0.338	0.313074152352239	33.3333333333333
IRF5	gm12878_606	10	0	1	0.770133245051402	0
NFATC1	gm12878_0	8	1	1	0.998433323474354	12.5
NFATC1	gm12878_375	12	2	1	1	16.6666666666667
NFATC1	gm12878_401	9	8	0.452	0.280518202546373	88.8888888888889
NFATC1	gm12878_559	10	10	0.302	0.0989500581214765	100
NFATC1	gm12878_648	14	14	0.095	0.0778216669661683	100
NR2F1	gm12878_89	12	11	0.934	0.901107754391002	91.6666666666667
NR2F1	gm12878_90	11	6	1	0.999674548944764	54.5454545454545
NR2F1	gm12878_99	9	9	0.648	0.250821809227276	100
NR2F1	gm12878_120	6	6	0.654	0.249397316623676	100
NR2F1	gm12878_366	7	6	0.275	0.156770560125479	85.7142857142857
NR2F1	gm12878_375	12	12	1	0	100
NR2F1	gm12878_375	12	12	1	0	100
PAX8	gm12878_634	14	13	0.001	9.59126847803612e-05	92.8571428571429
PKNOX1	gm12878_99	9	9	0.553	0.228893330355333	100
PKNOX1	gm12878_102	10	9	0.741	0.542973539909412	90
PKNOX1	gm12878_525	8	8	0.892	0.379307799059889	100
PKNOX1	gm12878_525	8	8	0.892	0.379307799059889	100
PKNOX1	gm12878_610	16	16	0.862	0.352816047629226	100
PKNOX1	gm12878_647	7	7	0.933	0.402246488974327	100
RUNX3	gm12878_155	6	6	0.686	0.267834965697408	100
RUNX3	gm12878_634	14	14	0.912	0.383724766848507	100
RUNX3	gm12878_634	14	14	0.912	0.383724766848507	100
STAT1	gm12878_466	22	16	0.84	0.791493722927988	72.7272727272727
STAT5A	gm12878_4	10	3	0.987	0.980426462518748	30
STAT5A	gm12878_9	7	5	0.241	0.143019828242522	71.4285714285714
STAT5A	gm12878_11	25	16	0.391	0.294922653105779	64
STAT5A	gm12878_14	24	11	0.902	0.885550090759627	45.8333333333333
STAT5A	gm12878_15	20	2	0.926	0.897944215164928	10
STAT5A	gm12878_50	14	9	0.295	0.202484024692387	64.2857142857143
STAT5A	gm12878_54	38	24	0.712	0.642603511977257	63.1578947368421
STAT5A	gm12878_58	10	3	0.98	0.95283924606607	30
STAT5A	gm12878_144	15	8	0.704	0.63715686848648	53.3333333333333
STAT5A	gm12878_147	12	11	0.302	0.168317921102583	91.6666666666667
STAT5A	gm12878_153	12	10	0.052	0.00418936836148097	83.3333333333333
STAT5A	gm12878_164	34	20	0.902	0.922572985470571	58.8235294117647
STAT5A	gm12878_222	6	2	0.901	0.856041941985698	33.3333333333333
STAT5A	gm12878_283	14	13	0.058	0.0312269013479454	92.8571428571429
STAT5A	gm12878_367	7	1	0.986	0.963143415516784	14.2857142857143
STAT5A	gm12878_393	15	13	0.637	0.468261002561441	86.6666666666667
STAT5A	gm12878_407	7	4	0.806	0.713809181558627	57.1428571428571
TCF12	gm12878_375	12	12	0.27	0.0501426637275965	100
TCF12	gm12878_376	8	5	0.92	0.846931980299598	62.5
TCF12	gm12878_376	8	5	0.92	0.846931980299598	62.5
TCF12	gm12878_480	4	4	0.481	0.195755326844985	100
TCF12	gm12878_552	18	11	0.922	0.907711311375483	61.1111111111111
TCF12	gm12878_559	10	10	0.724	0.274816483101782	100
TCF12	gm12878_648	14	13	0.543	0.323854677130463	92.8571428571429
