ARNT	k562_0	8	0	0.358	0.993491106121073	0
ARNT	k562_2	8	3	0.68	0.565335769181881	37.5
ARNT	k562_3	23	3	0.767	0.752516231968604	13.0434782608696
ARNT	k562_4	6	0	0.981	0.791647521400558	0
ARNT	k562_80	59	25	0	6.82990170824861e-08	42.3728813559322
ARNT	k562_87	19	8	0.444	0.385787383403696	42.1052631578947
ARNT	k562_246	15	1	0.773	0.733722706046104	6.66666666666667
ARNT	k562_248	10	2	0.618	0.588122171158549	20
ARNT	k562_274	15	0	1	0.940346641695641	0
ARNT	k562_280	7	3	0.24	0.137731141626305	42.8571428571429
ARNT	k562_338	12	6	0.253	0.173941675031089	50
ARNT	k562_357	15	7	0.129	0.083302812751662	46.6666666666667
ARNT	k562_361	6	0	1	0.863918320692174	0
ARNT	k562_362	12	1	0.924	0.856213210090924	8.33333333333333
ARNT	k562_379	15	5	0.702	0.668938469735533	33.3333333333333
ARNT	k562_380	10	5	0.856	0.785645715791095	50
ARNT	k562_400	10	4	0.636	0.543254421573913	40
ARNT	k562_422	11	4	0.712	0.614253707443369	36.3636363636364
ARNT	k562_423	9	1	0.867	0.906114663028601	11.1111111111111
ARNT	k562_470	6	0	0.977	0.884806813535457	0
ARNT	k562_492	14	3	0.992	0.999880535755636	21.4285714285714
ARNT	k562_493	16	7	0.756	0.648756934660537	43.75
ARNT	k562_506	8	3	0.405	0.308484373437896	37.5
ARNT	k562_507	8	0	1	0.943537356419376	0
ARNT	k562_508	7	1	0.691	0.608624941706565	14.2857142857143
ARNT	k562_509	8	1	0.659	0.612322186129496	12.5
ARNT	k562_530	8	2	0.702	0.619199376223658	25
ARNT	k562_531	7	3	0.555	0.47231520583437	42.8571428571429
ARNT	k562_559	8	2	0.699	0.710056250925268	25
ARNT	k562_668	6	0	1	0.835586865575802	0
ARNT	k562_669	7	0	0.947	0.859912380888239	0
ARNT	k562_687	8	3	0.522	0.470370370562141	37.5
ARNT	k562_700	7	2	0.549	0.475443487136895	28.5714285714286
ARNT	k562_701	8	2	0.594	0.498616494193816	25
ARNT	k562_725	8	0	0.934	0.813720243619987	0
ARNT	k562_732	10	8	0.065	0.0421988743696857	80
ARNT	k562_786	9	0	0.997	0.849858659754605	0
ARNT	k562_793	18	2	0.945	0.889631821803266	11.1111111111111
ARNT	k562_795	11	6	0.115	0.0449391193023184	54.5454545454545
ARNT	k562_799	7	3	0.14	0.112190978302139	42.8571428571429
ATF3	k562_273	6	2	0.723	0.678325643292771	33.3333333333333
ATF3	k562_274	15	5	0.762	0.715839395249986	33.3333333333333
ATF3	k562_280	7	4	0.44	0.283006026592746	57.1428571428571
ATF3	k562_338	12	4	0.912	0.856399483673288	33.3333333333333
ATF3	k562_356	16	7	0.691	0.618664558003136	43.75
ATF3	k562_361	6	2	0.835	0.735192516536478	33.3333333333333
ATF3	k562_399	13	6	0.794	0.72082216532641	46.1538461538462
ATF3	k562_423	9	4	0.376	0.312257393254301	44.4444444444444
ATF3	k562_425	11	4	0.83	0.757944576054364	36.3636363636364
ATF3	k562_461	13	5	0.847	0.751854442044102	38.4615384615385
ATF3	k562_469	12	6	0.585	0.481039039612501	50
ATF3	k562_655	9	6	0.201	0.131574653589616	66.6666666666667
ATF3	k562_716	10	2	0.943	0.921389876145574	20
ATF3	k562_724	6	5	0.081	0.037362155198423	83.3333333333333
ATF3	k562_756	12	5	0.623	0.552546428475962	41.6666666666667
ATF7	k562_190	14	11	0.693	0.526181165610464	78.5714285714286
ATF7	k562_273	6	4	0.584	0.501342115037316	66.6666666666667
ATF7	k562_314	7	7	0.09	0.0568699217928978	100
ATF7	k562_315	10	7	0.946	0.966052329547337	70
ATF7	k562_493	16	10	0.989	0.994799119426472	62.5
ATF7	k562_653	9	9	0.014	0.00458393763030802	100
ATF7	k562_677	18	18	0.158	0.139715734224621	100
BHLHE40	k562_2	8	5	0.737	0.604815242397777	62.5
BHLHE40	k562_3	23	13	0.678	0.582564012907901	56.5217391304348
BHLHE40	k562_4	6	3	0.605	0.475342015894379	50
BHLHE40	k562_274	15	7	0.864	0.847274832878582	46.6666666666667
BHLHE40	k562_338	12	12	0.063	0.061936828496377	100
BHLHE40	k562_357	15	12	0.19	0.128340721299985	80
BHLHE40	k562_362	12	7	0.451	0.350730847759807	58.3333333333333
BHLHE40	k562_492	14	10	0.934	0.883443683487101	71.4285714285714
BHLHE40	k562_522	11	8	0.458	0.329807250676209	72.7272727272727
BHLHE40	k562_559	8	7	0.547	0.336056597943323	87.5
BHLHE40	k562_724	6	4	0.234	0.142409795174065	66.6666666666667
BHLHE40	k562_799	7	5	0.372	0.274011694738289	71.4285714285714
BHLHE40	k562_800	10	9	0.435	0.256310685809603	90
BHLHE40	k562_801	11	10	0.392	0.250030202201908	90.9090909090909
CDC5L	k562_7	18	1	0.629	0.605705310881741	5.55555555555556
CDC5L	k562_23	36	1	0.987	0.946505524133669	2.77777777777778
CDC5L	k562_40	7	0	1	0.817039740694092	0
CDC5L	k562_45	26	4	0.273	0.181509590850571	15.3846153846154
CDC5L	k562_54	40	1	0.457	0.31402492013267	2.5
CDC5L	k562_96	21	1	0.712	0.630911238883449	4.76190476190476
CDC5L	k562_106	7	2	0.109	0.0289819719755095	28.5714285714286
CDC5L	k562_113	24	1	0.415	0.216658356702134	4.16666666666667
CDC5L	k562_149	17	2	0.349	0.358175890102364	11.7647058823529
CDC5L	k562_162	9	0	1	0.83633638801395	0
CDC5L	k562_175	11	1	0.578	0.469965823257932	9.09090909090909
CDC5L	k562_183	20	1	0.352	0.53915285676733	5
CDC5L	k562_193	15	0	1	0.812523615657642	0
CDC5L	k562_205	16	2	0.829	0.770430546765731	12.5
CDC5L	k562_217	11	3	0.22	0.161548052432698	27.2727272727273
CDC5L	k562_259	8	0	1	0.744726986254097	0
CDC5L	k562_395	17	1	0.93	0.860466097946189	5.88235294117647
CDC5L	k562_460	9	0	0.997	0.918881809245907	0
IKZF1	k562_1	16	7	0.988	0.983382075251165	43.75
IKZF1	k562_2	8	7	0.318	0.192610332974611	87.5
IKZF1	k562_49	11	7	0.772	0.665028420442127	63.6363636363636
IKZF1	k562_88	14	6	0.977	0.97760348471399	42.8571428571429
IKZF1	k562_235	12	11	0.024	0.0115301898156023	91.6666666666667
IKZF1	k562_323	8	7	0.556	0.342883468631822	87.5
IKZF1	k562_338	12	11	0.364	0.22502829197807	91.6666666666667
IKZF1	k562_379	15	5	0.992	0.989253880166692	33.3333333333333
IKZF1	k562_380	10	10	0.91	0.422300252727219	100
IKZF1	k562_492	14	13	0.816	0.713129356280362	92.8571428571429
IKZF1	k562_702	11	8	0.873	0.857047460359658	72.7272727272727
IKZF1	k562_751	7	3	0.977	0.982957793343188	42.8571428571429
IKZF1	k562_761	9	8	0.264	0.157433730568127	88.8888888888889
IKZF1	k562_786	9	8	0.42	0.26971950135243	88.8888888888889
IKZF1	k562_787	7	3	0.952	0.942551981966681	42.8571428571429
KLF16	k562_0	8	2	0.246	0.659098311522	25
KLF16	k562_1	16	6	0.401	0.313672351364559	37.5
KLF16	k562_2	8	4	0.351	0.239934057333514	50
KLF16	k562_3	23	3	0.902	0.88495183284666	13.0434782608696
KLF16	k562_4	6	0	0.984	0.862265554263033	0
KLF16	k562_49	11	6	0.105	0.0554071045759907	54.5454545454545
KLF16	k562_77	8	1	0.951	0.903365194848741	12.5
KLF16	k562_87	19	7	0.569	0.491028330807654	36.8421052631579
KLF16	k562_157	22	5	0.389	0.305855302338141	22.7272727272727
KLF16	k562_236	6	0	1	0.909494405383908	0
KLF16	k562_244	11	1	0.902	0.797444266622235	9.09090909090909
KLF16	k562_245	8	3	0.217	0.146558180811654	37.5
KLF16	k562_246	15	4	0.263	0.231475443304632	26.6666666666667
KLF16	k562_248	10	5	0.239	0.169554428262857	50
KLF16	k562_273	6	0	0.925	0.979889526097413	0
KLF16	k562_274	15	1	0.992	0.961563048552909	6.66666666666667
KLF16	k562_322	14	6	0.471	0.390550906376134	42.8571428571429
KLF16	k562_338	12	4	0.71	0.640925251309247	33.3333333333333
KLF16	k562_363	9	2	0.418	0.332098264859397	22.2222222222222
KLF16	k562_408	13	4	0.645	0.5956687161433	30.7692307692308
KLF16	k562_409	8	4	0.232	0.135767526089467	50
KLF16	k562_472	9	6	0.111	0.0677093075575979	66.6666666666667
KLF16	k562_473	11	4	0.568	0.469305194168146	36.3636363636364
KLF16	k562_492	14	6	0.705	0.621460669455152	42.8571428571429
KLF16	k562_493	16	5	0.931	0.887857122306099	31.25
KLF16	k562_497	26	10	0.512	0.477059990406141	38.4615384615385
KLF16	k562_512	15	7	0.346	0.267501580114405	46.6666666666667
KLF16	k562_513	10	4	0.533	0.43142060695638	40
KLF16	k562_528	10	0	1	0.911561961717557	0
KLF16	k562_529	10	2	0.515	0.394528530390386	20
KLF16	k562_649	6	3	0.396	0.289042619240851	50
KLF16	k562_650	7	4	0.257	0.159534177358006	57.1428571428571
KLF16	k562_682	13	9	0.002	0.00175623209404214	69.2307692307692
KLF16	k562_702	11	5	0.527	0.396963772746056	45.4545454545455
KLF16	k562_724	6	3	0.08	0.0187284632872422	50
KLF16	k562_741	20	10	0.334	0.250915200012114	50
KLF16	k562_742	7	0	1	0.97555405306396	0
KLF16	k562_743	11	2	0.931	0.891582394167976	18.1818181818182
KLF16	k562_751	7	2	0.814	0.732181478311083	28.5714285714286
KLF16	k562_752	7	5	0.136	0.0774328747838406	71.4285714285714
KLF16	k562_761	9	5	0.214	0.143380474968821	55.5555555555556
KLF16	k562_786	9	0	0.996	0.970076128149244	0
KLF16	k562_787	7	2	0.66	0.544023599536514	28.5714285714286
MAFK	k562_8	7	3	0.356	0.235199284508666	42.8571428571429
MAFK	k562_10	14	3	0.802	0.726013011655879	21.4285714285714
MAFK	k562_11	6	2	0.478	0.36086858504863	33.3333333333333
MAFK	k562_12	13	3	0.892	0.83903398501026	23.0769230769231
MAFK	k562_13	16	2	0.926	0.861190214114486	12.5
MAFK	k562_14	8	2	0.572	0.430527456338233	25
MAFK	k562_16	14	7	0.057	0.0321054994584476	50
MAFK	k562_17	6	3	0.241	0.134296783218284	50
MAFK	k562_19	18	6	0.734	0.733437142800591	33.3333333333333
MAFK	k562_20	9	0	1	0.975031279771897	0
MAFK	k562_21	9	1	0.956	0.862063566407653	11.1111111111111
MAFK	k562_65	11	4	0.331	0.239889380267665	36.3636363636364
MAFK	k562_95	24	3	0.391	0.292054569515418	12.5
MAFK	k562_108	8	3	0.428	0.301985810881978	37.5
MAFK	k562_118	20	6	0.316	0.288515702011335	30
MAFK	k562_119	13	3	0.572	0.517915980689726	23.0769230769231
MAFK	k562_141	25	9	0.146	0.0968659799883497	36
MAFK	k562_155	14	3	0.751	0.642956136025154	21.4285714285714
MAFK	k562_164	13	4	0.779	0.708955039396716	30.7692307692308
MAFK	k562_165	19	6	0.765	0.709709143898553	31.5789473684211
MAFK	k562_171	6	3	0.252	0.159245339672152	50
MAFK	k562_180	12	3	0.586	0.500683622407252	25
MAFK	k562_182	25	3	0.983	0.95637860070948	12
MAFK	k562_199	10	3	0.577	0.457902334370253	30
MAFK	k562_200	7	3	0.208	0.0999067568425453	42.8571428571429
MAFK	k562_211	10	2	0.39	0.326810178150286	20
MAFK	k562_212	10	2	0.351	0.261961507538745	20
MAFK	k562_284	15	2	0.461	0.31585525250681	13.3333333333333
MAFK	k562_285	10	0	1	0.851908365355505	0
MAFK	k562_291	11	3	0.573	0.458384439828216	27.2727272727273
MAFK	k562_299	17	8	0.425	0.375712904719561	47.0588235294118
MAFK	k562_338	12	5	0.216	0.144327100552529	41.6666666666667
MAFK	k562_389	6	1	0.693	0.646379385548809	16.6666666666667
MAFK	k562_390	13	4	0.495	0.392737125723871	30.7692307692308
MAFK	k562_451	18	9	0.016	0.0077418338508324	50
MAFK	k562_463	12	7	0.003	0.000562406189014772	58.3333333333333
MAFK	k562_539	14	3	0.539	0.462123850964779	21.4285714285714
MAFK	k562_543	15	6	0.522	0.446612982950095	40
MAFK	k562_549	9	3	0.459	0.359967462241889	33.3333333333333
MAFK	k562_585	8	5	0.043	0.0109209923978082	62.5
MAFK	k562_586	9	2	0.462	0.671284714727474	22.2222222222222
MAFK	k562_619	8	1	0.931	0.833175228685534	12.5
MAFK	k562_620	7	0	0.938	0.901333407349101	0
MAFK	k562_626	11	3	0.568	0.509375803135644	27.2727272727273
MAFK	k562_650	7	3	0.465	0.357218340885574	42.8571428571429
MAFK	k562_696	11	4	0.614	0.566305200224474	36.3636363636364
MAFK	k562_697	8	3	0.614	0.541947827681944	37.5
MAFK	k562_707	9	3	0.462	0.363868506022512	33.3333333333333
MAFK	k562_739	6	1	0.703	0.640384635275198	16.6666666666667
MAFK	k562_740	9	3	0.33	0.251892857865042	33.3333333333333
MAFK	k562_783	15	9	0.118	0.0868698471227534	60
MGA	k562_7	18	9	0.877	0.8368034992939	50
MGA	k562_10	14	10	0.388	0.277057332684238	71.4285714285714
MGA	k562_11	6	3	0.897	0.829257468234927	50
MGA	k562_13	16	9	0.76	0.678536269037844	56.25
MGA	k562_14	8	6	0.37	0.229687208064861	75
MGA	k562_16	14	11	0.086	0.0504631483298841	78.5714285714286
MGA	k562_19	18	12	0.474	0.376146362581717	66.6666666666667
MGA	k562_38	9	6	0.737	0.64216679664079	66.6666666666667
MGA	k562_39	19	13	0.409	0.31477857402288	68.4210526315789
MGA	k562_42	10	8	0.207	0.124827577463314	80
MGA	k562_44	9	6	0.513	0.387261660700813	66.6666666666667
MGA	k562_46	16	10	0.601	0.496134233583633	62.5
MGA	k562_58	15	9	0.535	0.426696627468603	60
MGA	k562_59	9	5	0.577	0.444266757437223	55.5555555555556
MGA	k562_83	8	3	0.808	0.696710144621322	37.5
MGA	k562_90	8	6	0.367	0.229766599393379	75
MGA	k562_95	24	16	0.104	0.0728229789116739	66.6666666666667
MGA	k562_98	16	13	0.096	0.0596940411380405	81.25
MGA	k562_100	12	8	0.567	0.465368929484858	66.6666666666667
MGA	k562_103	10	9	0.107	0.0661751564945034	90
MGA	k562_104	11	7	0.59	0.451409400643539	63.6363636363636
MGA	k562_109	20	14	0.186	0.134363629119852	70
MGA	k562_130	8	5	0.692	0.552434208696898	62.5
MGA	k562_141	25	16	0.631	0.519042727280538	64
MGA	k562_154	12	5	0.878	0.826146244209364	41.6666666666667
MGA	k562_162	9	5	0.771	0.656302760918874	55.5555555555556
MGA	k562_165	19	13	0.464	0.354652487022575	68.4210526315789
MGA	k562_171	6	3	0.662	0.580163609447466	50
MGA	k562_174	12	11	0.065	0.0388797258299236	91.6666666666667
MGA	k562_196	9	6	0.627	0.478775931580789	66.6666666666667
MGA	k562_204	14	11	0.208	0.139119303694233	78.5714285714286
MGA	k562_205	16	12	0.3	0.214754720452014	75
MGA	k562_206	6	3	0.842	0.745730224257987	50
MGA	k562_211	10	4	0.713	0.625841478031446	40
MGA	k562_216	9	4	0.945	0.899412502610285	44.4444444444444
MGA	k562_223	7	7	0.071	0.0391889579616566	100
MGA	k562_226	6	5	0.2	0.102627356980858	83.3333333333333
MGA	k562_249	12	10	0.159	0.0986452830875462	83.3333333333333
MGA	k562_261	13	6	0.925	0.876678871158217	46.1538461538462
MGA	k562_272	8	8	0.042	0.0237817709610425	100
MGA	k562_290	7	2	0.961	0.905273111533894	28.5714285714286
MGA	k562_291	11	6	0.892	0.83393276004656	54.5454545454545
MGA	k562_306	9	8	0.118	0.0685284904807047	88.8888888888889
MGA	k562_325	8	6	0.361	0.223987036292361	75
MGA	k562_326	7	5	0.428	0.269399695490938	71.4285714285714
MGA	k562_329	19	14	0.331	0.245775810852189	73.6842105263158
MGA	k562_341	7	6	0.269	0.151452714777542	85.7142857142857
MGA	k562_349	9	8	0.149	0.0904897155338341	88.8888888888889
MGA	k562_352	12	9	0.392	0.263326859813598	75
MGA	k562_374	12	7	0.694	0.607058751660737	58.3333333333333
MGA	k562_376	11	8	0.432	0.295894494911167	72.7272727272727
MGA	k562_435	9	4	0.906	0.828001764452872	44.4444444444444
MGA	k562_436	22	11	0.864	0.813395034374346	50
MGA	k562_451	18	15	0.065	0.0495951713672196	83.3333333333333
MGA	k562_456	9	5	0.705	0.558477116577335	55.5555555555556
MGA	k562_457	8	5	0.696	0.551048322334542	62.5
MGA	k562_458	13	7	0.874	0.80753958368973	53.8461538461538
MGA	k562_459	8	6	0.374	0.235654318100862	75
MGA	k562_463	12	10	0.043	0.0247703755879864	83.3333333333333
MGA	k562_482	11	9	0.145	0.0875842286136485	81.8181818181818
MGA	k562_490	6	6	0.129	0.0648569138162207	100
MGA	k562_520	10	6	0.652	0.573908279366695	60
MGA	k562_521	9	8	0.144	0.0801606500697175	88.8888888888889
MGA	k562_548	9	9	0.019	0.0136670431026804	100
MGA	k562_554	6	4	0.537	0.408046894368518	66.6666666666667
MGA	k562_556	10	6	0.702	0.591901665166871	60
MGA	k562_557	12	6	0.992	0.997472824342626	50
MGA	k562_578	7	6	0.324	0.192801724046246	85.7142857142857
MGA	k562_587	6	1	0.994	0.982821570859789	16.6666666666667
MGA	k562_600	11	9	0.17	0.105219768984072	81.8181818181818
MGA	k562_601	10	10	0.015	0.0180178389164765	100
MGA	k562_626	11	4	0.859	0.786638163433844	36.3636363636364
MGA	k562_638	17	7	0.764	0.723191765134343	41.1764705882353
MGA	k562_679	9	5	0.846	0.750144928552198	55.5555555555556
MGA	k562_758	8	6	0.193	0.221571564100677	75
MNT	k562_2	8	4	0.852	0.763004122982716	50
MNT	k562_80	59	49	0.075	0.0911601335623095	83.0508474576271
MNT	k562_246	15	10	0.309	0.213431117414268	66.6666666666667
MNT	k562_248	10	9	0.276	0.17200514743475	90
MNT	k562_338	12	11	0.233	0.152086215159239	91.6666666666667
MNT	k562_362	12	10	0.062	0.0375867861060697	83.3333333333333
MNT	k562_422	11	5	0.944	0.897128222109675	45.4545454545455
MNT	k562_425	11	7	0.576	0.453395594017018	63.6363636363636
MNT	k562_716	10	9	0.312	0.200781707719104	90
MNT	k562_786	9	3	0.836	0.803419679705698	33.3333333333333
MNT	k562_787	7	2	0.882	0.905176157382868	28.5714285714286
NFIC	k562_2	8	6	0.609	0.433312142826119	75
NFIC	k562_3	23	12	0.896	0.87767463315132	52.1739130434783
NFIC	k562_49	11	9	0.31	0.202149562241719	81.8181818181818
NFIC	k562_87	19	13	0.648	0.575974882435543	68.4210526315789
NFIC	k562_88	14	9	0.643	0.524943001030612	64.2857142857143
NFIC	k562_248	10	10	0.176	0.1070826227782	100
NFIC	k562_274	15	8	0.84	0.801751940075905	53.3333333333333
NFIC	k562_321	14	8	0.969	0.959722498290283	57.1428571428571
NFIC	k562_356	16	6	0.985	0.96441206657481	37.5
NFIC	k562_409	8	7	0.289	0.154644061457744	87.5
NFIC	k562_493	16	11	0.906	0.902275358654785	68.75
NFIC	k562_629	33	28	0	0.00511619633099977	84.8484848484848
NFIC	k562_649	6	5	0.519	0.336406870810924	83.3333333333333
NFIC	k562_650	7	6	0.384	0.219190820407893	85.7142857142857
NFIC	k562_725	8	8	0.055	0.0428523339264271	100
NFIC	k562_742	7	6	0.456	0.262757010564503	85.7142857142857
NFIC	k562_752	7	5	0.765	0.659255122088485	71.4285714285714
NFIC	k562_760	9	8	0.285	0.172441282697514	88.8888888888889
NFIC	k562_761	9	9	0.224	0.101916194361416	100
NFIC	k562_786	9	7	0.314	0.189563972412164	77.7777777777778
NRF1	k562_0	8	8	0.362	0	100
NRF1	k562_2	8	7	0.459	0.280571695809843	87.5
NRF1	k562_3	23	17	0.783	0.702625762235818	73.9130434782609
NRF1	k562_87	19	17	0.247	0.157199467779028	89.4736842105263
NRF1	k562_128	9	6	0.739	0.630496196461561	66.6666666666667
NRF1	k562_235	12	12	0.09	0.0503300065324053	100
NRF1	k562_274	15	12	0.704	0.563690940131216	80
NRF1	k562_321	14	9	0.846	0.772093714568399	64.2857142857143
NRF1	k562_338	12	12	0.362	0.180125873784661	100
NRF1	k562_356	16	12	0.678	0.557262011317263	75
NRF1	k562_363	9	8	0.22	0.122599785095584	88.8888888888889
NRF1	k562_409	8	8	0.214	0.0923152263329842	100
NRF1	k562_531	7	5	0.903	0.895585226437052	71.4285714285714
NRF1	k562_752	7	7	0.413	0.189866073139654	100
NRF1	k562_760	9	9	0.262	0.127866452368004	100
PKNOX1	k562_248	10	8	0.567	0.376122599141448	80
PKNOX1	k562_316	20	14	0.705	0.597639742392106	70
PKNOX1	k562_323	8	7	0.478	0.289667961221547	87.5
PKNOX1	k562_338	12	10	0.494	0.32731434404627	83.3333333333333
PKNOX1	k562_356	16	7	0.943	0.920848530533507	43.75
PKNOX1	k562_464	14	7	0.733	0.643301467860608	50
PKNOX1	k562_472	9	7	0.551	0.398318246914302	77.7777777777778
PKNOX1	k562_492	14	10	0.985	0.990568597560052	71.4285714285714
PKNOX1	k562_506	8	5	0.832	0.730295560801825	62.5
PKNOX1	k562_558	13	11	0.604	0.423963931441903	84.6153846153846
PKNOX1	k562_559	8	7	0.739	0.513385800542305	87.5
PKNOX1	k562_786	9	5	0.751	0.744022075535662	55.5555555555556
PKNOX1	k562_800	10	8	0.648	0.432082614943493	80
REST	k562_1	16	10	0.442	0.335292795814331	62.5
REST	k562_2	8	4	0.862	0.781054321562693	50
REST	k562_3	23	13	0.741	0.623983412410435	56.5217391304348
REST	k562_49	11	8	0.271	0.184608389233393	72.7272727272727
REST	k562_80	59	47	0.249	0.217571141232795	79.6610169491525
REST	k562_128	9	3	0.873	0.783617873652737	33.3333333333333
REST	k562_248	10	8	0.563	0.388773405652469	80
REST	k562_273	6	4	0.638	0.517471860107655	66.6666666666667
REST	k562_274	15	6	0.951	0.91842211834153	40
REST	k562_316	20	14	0.362	0.279154075428952	70
REST	k562_322	14	7	0.852	0.811193686245094	50
REST	k562_323	8	7	0.365	0.221471881370207	87.5
REST	k562_338	12	10	0.43	0.291571430589425	83.3333333333333
REST	k562_353	9	9	0.039	0.0398226455082172	100
REST	k562_354	7	5	0.557	0.391886899770636	71.4285714285714
REST	k562_356	16	8	0.767	0.692483321652158	50
REST	k562_361	6	2	0.881	0.780797435277917	33.3333333333333
REST	k562_379	15	6	0.935	0.922770710449221	40
REST	k562_399	13	10	0.458	0.315172704014073	76.9230769230769
REST	k562_422	11	6	0.897	0.851453059462492	54.5454545454545
REST	k562_423	9	7	0.144	0.0964178408343283	77.7777777777778
REST	k562_462	9	8	0.093	0.0525633744832179	88.8888888888889
REST	k562_464	14	9	0.22	0.148973614174768	64.2857142857143
REST	k562_465	6	2	0.878	0.906123211507317	33.3333333333333
REST	k562_472	9	5	0.823	0.725654607536093	55.5555555555556
REST	k562_492	14	11	0.808	0.625850529855968	78.5714285714286
REST	k562_493	16	11	0.894	0.832132514317446	68.75
REST	k562_649	6	4	0.701	0.551540346613981	66.6666666666667
REST	k562_650	7	6	0.269	0.153466377971055	85.7142857142857
REST	k562_670	13	5	0.856	0.882301358217191	38.4615384615385
REST	k562_706	11	6	0.808	0.728979274355921	54.5454545454545
REST	k562_724	6	4	0.298	0.18925044092453	66.6666666666667
REST	k562_789	9	7	0.687	0.517912381230339	77.7777777777778
REST	k562_794	14	12	0.186	0.112833207881623	85.7142857142857
REST	k562_795	11	8	0.819	0.697117749035536	72.7272727272727
STAT5A	k562_1	16	3	0.454	0.353981660444452	18.75
STAT5A	k562_13	16	2	0.656	0.587595523843567	12.5
STAT5A	k562_14	8	2	0.317	0.177507964726101	25
STAT5A	k562_16	14	4	0.151	0.0720693124794464	28.5714285714286
STAT5A	k562_21	9	0	1	0.883518712810264	0
STAT5A	k562_47	20	3	0.459	0.436810952944462	15
STAT5A	k562_135	6	1	0.094	0.0140726856022018	16.6666666666667
STAT5A	k562_141	25	7	0.025	0.0139165926498788	28
STAT5A	k562_155	14	2	0.609	0.496524911333747	14.2857142857143
STAT5A	k562_198	19	4	0.257	0.180119650631598	21.0526315789474
STAT5A	k562_202	11	3	0.217	0.126118068393263	27.2727272727273
STAT5A	k562_206	6	1	0.585	0.441997017306815	16.6666666666667
STAT5A	k562_225	6	1	0.585	0.439034030836596	16.6666666666667
STAT5A	k562_227	12	1	0.82	0.719253339833502	8.33333333333333
STAT5A	k562_262	23	1	0.922	0.820627570669513	4.34782608695652
STAT5A	k562_263	13	2	0.282	0.141392437854811	15.3846153846154
STAT5A	k562_291	11	1	0.778	0.651760441928083	9.09090909090909
STAT5A	k562_297	7	2	0.244	0.13556784387231	28.5714285714286
STAT5A	k562_329	19	3	0.397	0.310447036240439	15.7894736842105
STAT5A	k562_334	17	2	0.196	0.0942793511967496	11.7647058823529
STAT5A	k562_371	11	3	0.47	0.370351292471847	27.2727272727273
STAT5A	k562_382	7	0	0.987	0.814186907047513	0
STAT5A	k562_428	11	1	0.929	0.844246992152958	9.09090909090909
STAT5A	k562_500	11	2	0.607	0.556156880010813	18.1818181818182
STAT5A	k562_540	9	0	0.999	0.842194421520859	0
STAT5A	k562_638	17	1	0.661	0.61064145352988	5.88235294117647
STAT5A	k562_673	9	0	0.996	0.960359819280179	0
STAT5A	k562_696	11	2	0.749	0.694481245578824	18.1818181818182
STAT5A	k562_783	15	5	0.263	0.183779530538805	33.3333333333333
TAL1	k562_1	16	4	0.865	0.805410683439308	25
TAL1	k562_2	8	5	0.144	0.079639394274278	62.5
TAL1	k562_80	59	20	0.016	0.0134550855493459	33.8983050847458
TAL1	k562_87	19	6	0.741	0.663032475371575	31.5789473684211
TAL1	k562_243	10	3	0.316	0.213872502037472	30
TAL1	k562_248	10	5	0.08	0.0349944426551005	50
TAL1	k562_274	15	3	0.851	0.786975034467061	20
TAL1	k562_280	7	3	0.299	0.194331632544304	42.8571428571429
TAL1	k562_322	14	4	0.856	0.794232402988549	28.5714285714286
TAL1	k562_323	8	4	0.524	0.381292383852527	50
TAL1	k562_356	16	4	0.699	0.632679994980438	25
TAL1	k562_357	15	8	0.117	0.0691557074126063	53.3333333333333
TAL1	k562_418	9	2	0.664	0.533010713101776	22.2222222222222
TAL1	k562_423	9	1	0.903	0.957668279938141	11.1111111111111
TAL1	k562_470	6	0	0.972	0.935267547704689	0
TAL1	k562_506	8	4	0.256	0.162217365213134	50
TAL1	k562_531	7	2	0.83	0.735986241785967	28.5714285714286
TAL1	k562_559	8	4	0.533	0.391945562899275	50
TAL1	k562_649	6	3	0.479	0.351148912827939	50
TAL1	k562_650	7	3	0.512	0.400929667573743	42.8571428571429
TAL1	k562_725	8	0	0.929	0.917397329865622	0
TAL1	k562_786	9	1	0.924	0.838088845786269	11.1111111111111
TAL1	k562_792	8	1	0.875	0.772661294682352	12.5
TAL1	k562_793	18	4	0.799	0.694119534687056	22.2222222222222
TAL1	k562_800	10	2	0.698	0.604474728071633	20
TAL1	k562_801	11	3	0.509	0.392618849312192	27.2727272727273
TCF12	k562_2	8	4	0.299	0.197281951989657	50
TCF12	k562_87	19	8	0.403	0.303162439955039	42.1052631578947
TCF12	k562_248	10	7	0.023	0.0079341436844805	70
TCF12	k562_273	6	0	0.931	0.919929995421671	0
TCF12	k562_274	15	2	0.971	0.923750947632418	13.3333333333333
TCF12	k562_323	8	3	0.634	0.540767824876943	37.5
TCF12	k562_338	12	8	0.074	0.0401591795856338	66.6666666666667
TCF12	k562_353	9	2	0.709	0.633632606827859	22.2222222222222
TCF12	k562_356	16	5	0.568	0.503215035065132	31.25
TCF12	k562_357	15	7	0.263	0.193586839301879	46.6666666666667
TCF12	k562_469	12	7	0.033	0.00949073598541021	58.3333333333333
TCF12	k562_506	8	4	0.314	0.221371983022361	50
TCF12	k562_719	6	2	0.641	0.527704198143947	33.3333333333333
TCF12	k562_724	6	4	0.021	0.00238496725437888	66.6666666666667
TCF12	k562_786	9	0	0.991	0.855561343136476	0
TCF12	k562_792	8	4	0.279	0.194573907220308	50
TCF12	k562_793	18	5	0.752	0.680329645352298	27.7777777777778
TCF12	k562_800	10	5	0.203	0.13347145742359	50
TCF12	k562_801	11	3	0.639	0.564693300947897	27.2727272727273
TEAD4	k562_0	8	2	0.364	0.99947481279599	25
TEAD4	k562_2	8	5	0.681	0.529353208288691	62.5
TEAD4	k562_279	6	2	0.908	0.848970795621601	33.3333333333333
TEAD4	k562_322	14	7	0.904	0.858054709785777	50
TEAD4	k562_323	8	7	0.258	0.139644979601504	87.5
TEAD4	k562_362	12	6	0.562	0.44964631369356	50
TEAD4	k562_422	11	3	0.998	0.996271004492865	27.2727272727273
TEAD4	k562_425	11	6	0.586	0.482734939250617	54.5454545454545
TEAD4	k562_786	9	0	0.994	0.948223034654225	0
