ARNT	k562_0	8	2	0.359	1	25
ARNT	k562_2	8	6	0.531	0.361954452454833	75
ARNT	k562_3	23	6	0.86	0.852863232921134	26.0869565217391
ARNT	k562_4	6	0	0.983	0.903474379367474	0
ARNT	k562_80	59	48	0	4.91523495080343e-08	81.3559322033898
ARNT	k562_87	19	15	0.192	0.145243464921921	78.9473684210526
ARNT	k562_246	15	6	0.3	0.237774131048404	40
ARNT	k562_248	10	7	0.401	0.306142627353172	70
ARNT	k562_274	15	0	1	0.985875481253324	0
ARNT	k562_280	7	4	0.537	0.408296383983974	57.1428571428571
ARNT	k562_338	12	10	0.543	0.401476492000871	83.3333333333333
ARNT	k562_357	15	8	0.519	0.414917616779781	53.3333333333333
ARNT	k562_361	6	0	1	0.951784908248019	0
ARNT	k562_362	12	5	0.612	0.541154983866998	41.6666666666667
ARNT	k562_379	15	10	0.624	0.494630460475462	66.6666666666667
ARNT	k562_380	10	10	0.639	0.356001906113555	100
ARNT	k562_400	10	5	0.836	0.792614676975672	50
ARNT	k562_422	11	6	0.873	0.804679655295338	54.5454545454545
ARNT	k562_423	9	7	0.126	0.0665248360624997	77.7777777777778
ARNT	k562_470	6	0	0.969	0.979959239197314	0
ARNT	k562_492	14	12	0.509	0.485277647894804	85.7142857142857
ARNT	k562_493	16	14	0.709	0.443228944255673	87.5
ARNT	k562_506	8	5	0.545	0.421154555310036	62.5
ARNT	k562_507	8	4	0.762	0.649418743335001	50
ARNT	k562_508	7	3	0.592	0.554813452246135	42.8571428571429
ARNT	k562_509	8	2	0.8	0.75950812513161	25
ARNT	k562_530	8	6	0.336	0.217313188408746	75
ARNT	k562_531	7	5	0.719	0.566032394005817	71.4285714285714
ARNT	k562_559	8	3	0.798	0.814441464933273	37.5
ARNT	k562_668	6	2	0.747	0.659131592169443	33.3333333333333
ARNT	k562_669	7	0	0.925	0.949371711807985	0
ARNT	k562_687	8	5	0.747	0.594586558245602	62.5
ARNT	k562_700	7	3	0.809	0.787470683008932	42.8571428571429
ARNT	k562_701	8	3	0.878	0.818907097907722	37.5
ARNT	k562_725	8	1	0.694	0.825190690689293	12.5
ARNT	k562_732	10	10	0.227	0.153730256731957	100
ARNT	k562_786	9	0	0.988	0.975767820863435	0
ARNT	k562_793	18	4	1	0.991726146821021	22.2222222222222
ARNT	k562_795	11	11	0.052	0.0471236242751561	100
ARNT	k562_799	7	5	0.182	0.13601957755776	71.4285714285714
ATF3	k562_273	6	4	0.858	0.926208456725664	66.6666666666667
ATF3	k562_274	15	12	0.723	0.557671976076291	80
ATF3	k562_280	7	7	0.398	0.164396257475379	100
ATF3	k562_338	12	12	0.81	0.333734577119481	100
ATF3	k562_356	16	11	0.952	0.912787222458449	68.75
ATF3	k562_361	6	6	0.335	0.146162363026634	100
ATF3	k562_399	13	10	0.967	0.976478507955258	76.9230769230769
ATF3	k562_423	9	9	0.411	0.16831436630393	100
ATF3	k562_425	11	8	0.933	0.916722000635169	72.7272727272727
ATF3	k562_461	13	13	0.097	0.0501202855472261	100
ATF3	k562_469	12	11	0.555	0.343939153651197	91.6666666666667
ATF3	k562_655	9	9	0.489	0.207840545673761	100
ATF3	k562_716	10	8	0.847	0.630787081170485	80
ATF3	k562_724	6	6	0.163	0.0870582177083723	100
ATF3	k562_756	12	12	0.522	0.27280380149155	100
ATF7	k562_190	14	13	0.573	0.362060479014877	92.8571428571429
ATF7	k562_273	6	5	0.81	0.812634197006704	83.3333333333333
ATF7	k562_314	7	7	0.253	0.131895591650843	100
ATF7	k562_315	10	9	0.975	0.999568680221111	90
ATF7	k562_493	16	15	0.991	0.999995291079726	93.75
ATF7	k562_653	9	9	0.563	0.306875235466415	100
ATF7	k562_677	18	18	0.873	0.366469465245822	100
BHLHE40	k562_2	8	7	0.69	0.457915633777045	87.5
BHLHE40	k562_3	23	20	0.363	0.249318835656357	86.9565217391304
BHLHE40	k562_4	6	4	0.672	0.537314333934837	66.6666666666667
BHLHE40	k562_274	15	12	0.763	0.636832914757695	80
BHLHE40	k562_338	12	12	0.861	0.375390064341743	100
BHLHE40	k562_357	15	14	0.328	0.197906050613377	93.3333333333333
BHLHE40	k562_362	12	11	0.092	0.0626174001605524	91.6666666666667
BHLHE40	k562_492	14	14	0.998	0	100
BHLHE40	k562_522	11	11	0.231	0.114763295195713	100
BHLHE40	k562_559	8	8	0.802	0.34451025312593	100
BHLHE40	k562_724	6	5	0.318	0.168491449780559	83.3333333333333
BHLHE40	k562_799	7	7	0.563	0.226610872732806	100
BHLHE40	k562_800	10	10	0.908	0.401951919259142	100
BHLHE40	k562_801	11	11	0.89	0.396331513234365	100
CDC5L	k562_7	18	2	0.589	0.577423232730059	11.1111111111111
CDC5L	k562_23	36	3	0.984	0.969408701998213	8.33333333333333
CDC5L	k562_40	7	0	1	0.891118049722984	0
CDC5L	k562_45	26	6	0.306	0.252800690129797	23.0769230769231
CDC5L	k562_54	40	2	0.512	0.469038098890272	5
CDC5L	k562_96	21	1	0.909	0.82406888192298	4.76190476190476
CDC5L	k562_106	7	2	0.291	0.176098625609476	28.5714285714286
CDC5L	k562_113	24	1	0.773	0.730886724431597	4.16666666666667
CDC5L	k562_149	17	4	0.288	0.288114215477364	23.5294117647059
CDC5L	k562_162	9	0	1	0.920256250576342	0
CDC5L	k562_175	11	3	0.26	0.179155330336861	27.2727272727273
CDC5L	k562_183	20	1	0.401	0.614595148611822	5
CDC5L	k562_193	15	0	1	0.868060346389538	0
CDC5L	k562_205	16	5	0.774	0.731162790073151	31.25
CDC5L	k562_217	11	4	0.549	0.501840909007296	36.3636363636364
CDC5L	k562_259	8	0	1	0.77936868003277	0
CDC5L	k562_395	17	2	0.921	0.892943014022416	11.7647058823529
CDC5L	k562_460	9	0	0.997	0.952272226106372	0
FOXA1	k562_5	10	1	0.39	0.218108166359943	10
FOXA1	k562_14	8	0	0.997	0.699162749807444	0
FOXA1	k562_15	8	0	1	0.711148328757076	0
FOXA1	k562_16	14	2	0.163	0.0690806070200518	14.2857142857143
FOXA1	k562_19	18	1	0.744	0.633807375104051	5.55555555555556
FOXA1	k562_20	9	0	1	0.790406032156671	0
FOXA1	k562_54	40	0	1	0.868264213775232	0
FOXA1	k562_69	15	0	1	0.825450518025461	0
FOXA1	k562_83	8	1	0.105	0.0275696672512096	12.5
FOXA1	k562_95	24	0	1	0.678078514500888	0
FOXA1	k562_119	13	1	0.549	0.387504584095118	7.69230769230769
FOXA1	k562_129	42	4	0.574	0.470053966084047	9.52380952380952
FOXA1	k562_130	8	0	0.999	0.732272495585493	0
FOXA1	k562_141	25	2	0.189	0.112332865079176	8
FOXA1	k562_154	12	0	0.998	0.802556934715372	0
FOXA1	k562_155	14	0	1	0.807062159668414	0
FOXA1	k562_172	10	1	0.395	0.282366050041948	10
FOXA1	k562_181	7	0	0.987	0.65790416054447	0
FOXA1	k562_193	15	0	1	0.736628530188881	0
FOXA1	k562_211	10	3	0.005	4.57767136613734e-10	30
FOXA1	k562_212	10	0	1	0.639412463334696	0
FOXA1	k562_224	7	0	1	0.66421336391064	0
FOXA1	k562_225	6	0	0.996	0.653576274262131	0
FOXA1	k562_227	12	2	0.067	0.0082404287742966	16.6666666666667
FOXA1	k562_272	8	1	0.351	0.252721751502715	12.5
FOXA1	k562_275	12	0	1	0.56227278890888	0
FOXA1	k562_284	15	0	1	0.631506250178375	0
FOXA1	k562_287	10	0	1	0.766721020803003	0
FOXA1	k562_352	12	1	0.527	0.55081325018701	8.33333333333333
FOXA1	k562_371	11	0	1	0.807669573751597	0
FOXA1	k562_374	12	0	0.989	0.706552223816127	0
FOXA1	k562_382	7	1	0.226	0.106009839579273	14.2857142857143
FOXA1	k562_387	14	2	0.099	0.0291180767641764	14.2857142857143
FOXA1	k562_427	11	2	0.254	0.188256587890545	18.1818181818182
FOXA1	k562_441	9	1	0.251	0.155278903788729	11.1111111111111
FOXA1	k562_477	18	0	1	0.80937857330929	0
FOXA1	k562_544	15	2	0.404	0.403767581916887	13.3333333333333
FOXA1	k562_569	8	0	0.974	0.739273532235393	0
FOXA1	k562_622	10	0	1	0.749821504839126	0
FOXA1	k562_638	17	1	0.194	0.115472207753714	5.88235294117647
FOXA1	k562_673	9	1	0.385	0.272012253706043	11.1111111111111
FOXA1	k562_709	6	0	0.963	0.612219211100372	0
FOXA1	k562_711	9	0	0.993	0.724268304589937	0
FOXA1	k562_722	9	0	0.997	0.732150997917605	0
FOXA1	k562_723	7	3	0.022	0.000351118018271884	42.8571428571429
FOXA1	k562_744	7	0	0.927	0.667218330891791	0
FOXA1	k562_762	14	2	0.248	0.128055113864991	14.2857142857143
FOXA1	k562_763	9	0	0.998	0.753077146199481	0
IKZF1	k562_1	16	14	0.577	0.39469887833909	87.5
IKZF1	k562_2	8	7	0.732	0.480425802430942	87.5
IKZF1	k562_49	11	9	0.813	0.666731356964014	81.8181818181818
IKZF1	k562_88	14	12	0.938	0.790028499181991	85.7142857142857
IKZF1	k562_235	12	12	0.11	0.0501458043360375	100
IKZF1	k562_323	8	8	0.747	0.305736205150159	100
IKZF1	k562_338	12	12	0.825	0.337729039293944	100
IKZF1	k562_379	15	10	0.92	0.915384397963441	66.6666666666667
IKZF1	k562_380	10	10	0.907	0.427881137202401	100
IKZF1	k562_492	14	14	0.996	0	100
IKZF1	k562_702	11	11	0.841	0.342929442048769	100
IKZF1	k562_751	7	7	0.774	0.323720146161974	100
IKZF1	k562_761	9	9	0.984	0	100
IKZF1	k562_786	9	8	0.813	0.718161497264579	88.8888888888889
IKZF1	k562_787	7	4	0.97	0.999999996521682	57.1428571428571
KLF16	k562_0	8	5	0.36	1	62.5
KLF16	k562_1	16	8	0.882	0.824404868201894	50
KLF16	k562_2	8	7	0.439	0.26513581529214	87.5
KLF16	k562_3	23	13	0.551	0.475808280459297	56.5217391304348
KLF16	k562_4	6	1	0.935	0.901616029370816	16.6666666666667
KLF16	k562_49	11	8	0.437	0.307685690318008	72.7272727272727
KLF16	k562_77	8	4	0.939	0.938721645763637	50
KLF16	k562_87	19	12	0.75	0.653803190136828	63.1578947368421
KLF16	k562_157	22	8	0.747	0.664023997504965	36.3636363636364
KLF16	k562_236	6	0	1	0.992358649859308	0
KLF16	k562_244	11	4	0.676	0.570058810188735	36.3636363636364
KLF16	k562_245	8	8	0.279	0.1515434332059	100
KLF16	k562_246	15	15	0.013	0.00893252056205476	100
KLF16	k562_248	10	8	0.67	0.514331878219113	80
KLF16	k562_273	6	3	0.865	0.931931219776755	50
KLF16	k562_274	15	3	0.996	0.996070168674386	20
KLF16	k562_322	14	12	0.438	0.285506674791752	85.7142857142857
KLF16	k562_338	12	12	0.594	0.243991397216817	100
KLF16	k562_363	9	3	0.712	0.647701184979623	33.3333333333333
KLF16	k562_408	13	9	0.824	0.783615009354135	69.2307692307692
KLF16	k562_409	8	8	0.051	0.0298750125762019	100
KLF16	k562_472	9	9	0.33	0.167522630128765	100
KLF16	k562_473	11	9	0.475	0.321551729596309	81.8181818181818
KLF16	k562_492	14	14	0.868	0.357544265774196	100
KLF16	k562_493	16	15	0.792	0.593390870217145	93.75
KLF16	k562_497	26	22	0.447	0.370815384843054	84.6153846153846
KLF16	k562_512	15	13	0.362	0.246836281989341	86.6666666666667
KLF16	k562_513	10	10	0.204	0.122908134102825	100
KLF16	k562_528	10	4	0.623	0.568475370111959	40
KLF16	k562_529	10	9	0.017	0.0114923577356338	90
KLF16	k562_649	6	5	0.539	0.333488688594997	83.3333333333333
KLF16	k562_650	7	5	0.663	0.496378454355471	71.4285714285714
KLF16	k562_682	13	12	0.237	0.143044825219098	92.3076923076923
KLF16	k562_702	11	10	0.593	0.37260377062509	90.9090909090909
KLF16	k562_724	6	4	0.307	0.181594486692014	66.6666666666667
KLF16	k562_741	20	13	0.904	0.884633993494642	65
KLF16	k562_742	7	1	0.996	0.998928608131119	14.2857142857143
KLF16	k562_743	11	5	0.961	0.960216743092602	45.4545454545455
KLF16	k562_751	7	3	0.954	0.969795281065577	42.8571428571429
KLF16	k562_752	7	7	0.444	0.20971269370758	100
KLF16	k562_761	9	8	0.515	0.320211891510955	88.8888888888889
KLF16	k562_786	9	6	0.994	0.99634647460479	66.6666666666667
KLF16	k562_787	7	3	0.965	0.99971809225814	42.8571428571429
MAFK	k562_8	7	7	0.066	0.0406659086209454	100
MAFK	k562_10	14	11	0.377	0.259247731494916	78.5714285714286
MAFK	k562_11	6	3	0.928	0.883886101895811	50
MAFK	k562_12	13	10	0.698	0.549527952621821	76.9230769230769
MAFK	k562_13	16	10	0.659	0.564692924401942	62.5
MAFK	k562_14	8	4	0.828	0.743306341624192	50
MAFK	k562_16	14	10	0.349	0.23900478489394	71.4285714285714
MAFK	k562_17	6	6	0.074	0.0356901856828135	100
MAFK	k562_19	18	14	0.675	0.540018701781631	77.7777777777778
MAFK	k562_20	9	0	1	0.999963938908754	0
MAFK	k562_21	9	6	0.478	0.36361108729147	66.6666666666667
MAFK	k562_65	11	6	0.71	0.636776085705712	54.5454545454545
MAFK	k562_95	24	13	0.048	0.0254946516654608	54.1666666666667
MAFK	k562_108	8	7	0.217	0.126719363334452	87.5
MAFK	k562_118	20	16	0.186	0.122285883600712	80
MAFK	k562_119	13	13	0.014	0.0146979857957644	100
MAFK	k562_141	25	22	0.006	0.0137641562046802	88
MAFK	k562_155	14	6	0.905	0.879396778429816	42.8571428571429
MAFK	k562_164	13	11	0.434	0.288639708565693	84.6153846153846
MAFK	k562_165	19	14	0.744	0.637320329956484	73.6842105263158
MAFK	k562_171	6	4	0.627	0.454382239148879	66.6666666666667
MAFK	k562_180	12	7	0.678	0.613082637150585	58.3333333333333
MAFK	k562_182	25	15	0.851	0.814035835461533	60
MAFK	k562_199	10	8	0.326	0.196347272877657	80
MAFK	k562_200	7	4	0.581	0.439734386172929	57.1428571428571
MAFK	k562_211	10	4	0.618	0.539561886622273	40
MAFK	k562_212	10	6	0.234	0.160296404131165	60
MAFK	k562_284	15	7	0.306	0.216357037276999	46.6666666666667
MAFK	k562_285	10	4	0.618	0.51529884993101	40
MAFK	k562_291	11	7	0.725	0.613512094310875	63.6363636363636
MAFK	k562_299	17	14	0.6	0.439201103235264	82.3529411764706
MAFK	k562_338	12	10	0.425	0.312378444417612	83.3333333333333
MAFK	k562_389	6	4	0.55	0.42618970528918	66.6666666666667
MAFK	k562_390	13	10	0.246	0.173307262648891	76.9230769230769
MAFK	k562_451	18	15	0.268	0.180756064464824	83.3333333333333
MAFK	k562_463	12	9	0.295	0.187847073500173	75
MAFK	k562_539	14	11	0.146	0.0706292072478211	78.5714285714286
MAFK	k562_543	15	14	0.179	0.119905506208292	93.3333333333333
MAFK	k562_549	9	4	0.96	0.9506874233186	44.4444444444444
MAFK	k562_585	8	8	0.04	0.0322715069629388	100
MAFK	k562_586	9	7	0.523	0.64489547099838	77.7777777777778
MAFK	k562_619	8	4	0.943	0.902848146596081	50
MAFK	k562_620	7	4	0.687	0.680132618462933	57.1428571428571
MAFK	k562_626	11	5	0.935	0.932926606175353	45.4545454545455
MAFK	k562_650	7	6	0.352	0.196552748061769	85.7142857142857
MAFK	k562_696	11	7	0.757	0.673561283322014	63.6363636363636
MAFK	k562_697	8	7	0.441	0.255598235776444	87.5
MAFK	k562_707	9	9	0.054	0.0359060425900459	100
MAFK	k562_739	6	6	0.421	0.19837053174881	100
MAFK	k562_740	9	6	0.77	0.696690435706312	66.6666666666667
MAFK	k562_783	15	15	0.031	0.034536240468501	100
MGA	k562_7	18	15	0.509	0.378641410770242	83.3333333333333
MGA	k562_10	14	11	0.774	0.634641556398705	78.5714285714286
MGA	k562_11	6	5	0.735	0.520356312227357	83.3333333333333
MGA	k562_13	16	13	0.618	0.47793239859735	81.25
MGA	k562_14	8	7	0.44	0.26302395115792	87.5
MGA	k562_16	14	14	0.025	0.0305691076930312	100
MGA	k562_19	18	14	0.796	0.727201780468426	77.7777777777778
MGA	k562_38	9	8	0.954	0.948593935243471	88.8888888888889
MGA	k562_39	19	17	0.273	0.185758595921872	89.4736842105263
MGA	k562_42	10	9	0.574	0.361258737194006	90
MGA	k562_44	9	7	0.672	0.515649890889131	77.7777777777778
MGA	k562_46	16	13	0.6	0.449762997040702	81.25
MGA	k562_58	15	13	0.303	0.193481418915949	86.6666666666667
MGA	k562_59	9	6	0.738	0.603022333898804	66.6666666666667
MGA	k562_83	8	8	0.052	0.0382432591848377	100
MGA	k562_90	8	6	0.811	0.670224204260173	75
MGA	k562_95	24	19	0.214	0.148689683860678	79.1666666666667
MGA	k562_98	16	14	0.335	0.229168787932879	87.5
MGA	k562_100	12	9	0.901	0.850838585798216	75
MGA	k562_103	10	9	0.469	0.297446875956519	90
MGA	k562_104	11	7	0.918	0.866714645940082	63.6363636363636
MGA	k562_109	20	16	0.733	0.624879168336313	80
MGA	k562_130	8	6	0.865	0.771581100683368	75
MGA	k562_141	25	18	0.954	0.953767782893207	72
MGA	k562_154	12	11	0.298	0.18068784629227	91.6666666666667
MGA	k562_162	9	6	0.939	0.88940710314374	66.6666666666667
MGA	k562_165	19	15	0.846	0.7715770669907	78.9473684210526
MGA	k562_171	6	5	0.614	0.405849101962622	83.3333333333333
MGA	k562_174	12	11	0.434	0.264446162104248	91.6666666666667
MGA	k562_196	9	7	0.799	0.619493281120369	77.7777777777778
MGA	k562_204	14	14	0.189	0.105894162647095	100
MGA	k562_205	16	15	0.42	0.248446523913394	93.75
MGA	k562_206	6	4	0.901	0.819010300171932	66.6666666666667
MGA	k562_211	10	8	0.275	0.184588355169026	80
MGA	k562_216	9	6	0.929	0.901330721962013	66.6666666666667
MGA	k562_223	7	7	0.77	0.315194018659649	100
MGA	k562_226	6	5	0.756	0.50616063317578	83.3333333333333
MGA	k562_249	12	11	0.366	0.225297698308054	91.6666666666667
MGA	k562_261	13	8	1	0.998676611351473	61.5384615384615
MGA	k562_272	8	8	0.273	0.121295782454435	100
MGA	k562_290	7	3	0.975	0.948088074621598	42.8571428571429
MGA	k562_291	11	8	0.965	0.952843094935214	72.7272727272727
MGA	k562_306	9	9	0.254	0.120531036054171	100
MGA	k562_325	8	6	0.611	0.427010483935876	75
MGA	k562_326	7	5	0.718	0.539346444132338	71.4285714285714
MGA	k562_329	19	17	0.602	0.4371335854003	89.4736842105263
MGA	k562_341	7	7	0.459	0.195669210806487	100
MGA	k562_349	9	9	0.434	0.1994366133044	100
MGA	k562_352	12	12	0.636	0.251327123308344	100
MGA	k562_374	12	10	0.757	0.591372635615972	83.3333333333333
MGA	k562_376	11	8	0.834	0.724510780786755	72.7272727272727
MGA	k562_435	9	9	0.197	0.110256697605834	100
MGA	k562_436	22	17	0.851	0.716750806815028	77.2727272727273
MGA	k562_451	18	16	0.725	0.595341606404345	88.8888888888889
MGA	k562_456	9	8	0.415	0.255691517879958	88.8888888888889
MGA	k562_457	8	7	0.734	0.503784953413814	87.5
MGA	k562_458	13	11	0.726	0.555492745389734	84.6153846153846
MGA	k562_459	8	6	0.743	0.575807988982518	75
MGA	k562_463	12	12	0.071	0.0588987133134286	100
MGA	k562_482	11	11	0.345	0.15128773924192	100
MGA	k562_490	6	6	0.573	0.240454698074625	100
MGA	k562_520	10	10	0.363	0.170049097795115	100
MGA	k562_521	9	9	0.411	0.182839117306285	100
MGA	k562_548	9	9	0.298	0.137616354997696	100
MGA	k562_554	6	5	0.766	0.566619939608653	83.3333333333333
MGA	k562_556	10	8	0.516	0.377190000236172	80
MGA	k562_557	12	11	0.812	0.633003967199811	91.6666666666667
MGA	k562_578	7	7	0.603	0.263652721177231	100
MGA	k562_587	6	4	0.879	0.768971190658039	66.6666666666667
MGA	k562_600	11	11	0.079	0.0497881847681848	100
MGA	k562_601	10	10	0.15	0.0886067835403629	100
MGA	k562_626	11	6	0.997	0.999826251116264	54.5454545454545
MGA	k562_638	17	17	0.016	0.0276590783571997	100
MGA	k562_679	9	8	0.7	0.463313176621141	88.8888888888889
MGA	k562_758	8	8	0.396	0.302815063002983	100
MNT	k562_2	8	7	0.484	0.282839431067565	87.5
MNT	k562_80	59	58	0.007	0.0190771089495953	98.3050847457627
MNT	k562_246	15	11	0.577	0.39899454056456	73.3333333333333
MNT	k562_248	10	10	0.487	0.20806553500935	100
MNT	k562_338	12	12	0.722	0.315446291402644	100
MNT	k562_362	12	10	0.219	0.135007307995146	83.3333333333333
MNT	k562_422	11	7	0.943	0.894659861903587	63.6363636363636
MNT	k562_425	11	11	0.197	0.101282403531733	100
MNT	k562_716	10	10	0.605	0.286936944597552	100
MNT	k562_786	9	9	0.381	0.142675270758055	100
MNT	k562_787	7	4	0.969	0.995477236859231	57.1428571428571
NFIC	k562_2	8	8	0.592	0.241713978602109	100
NFIC	k562_3	23	20	0.768	0.567852469855394	86.9565217391304
NFIC	k562_49	11	11	0.412	0.163873211861271	100
NFIC	k562_87	19	18	0.53	0.332232374604382	94.7368421052632
NFIC	k562_88	14	14	0.391	0.147449812295545	100
NFIC	k562_248	10	10	0.93	0.400380504403101	100
NFIC	k562_274	15	11	0.849	0.861745117856027	73.3333333333333
NFIC	k562_321	14	14	0.915	0.399538206987394	100
NFIC	k562_356	16	15	0.371	0.241042182721636	93.75
NFIC	k562_409	8	8	0.651	0.250903327432199	100
NFIC	k562_493	16	16	0.874	0.362598642781667	100
NFIC	k562_629	33	33	0.103	0.0845373195147261	100
NFIC	k562_649	6	6	0.762	0.327155947653927	100
NFIC	k562_650	7	6	0.881	0.689295570498196	85.7142857142857
NFIC	k562_725	8	8	0.638	0.273680770553072	100
NFIC	k562_742	7	7	0.773	0.323450869965769	100
NFIC	k562_752	7	6	0.95	0.896271959742434	85.7142857142857
NFIC	k562_760	9	9	0.856	0.360843079588815	100
NFIC	k562_761	9	9	0.98	0	100
NFIC	k562_786	9	9	0.948	0.41961830629043	100
NRF1	k562_0	8	8	0.36	0	100
NRF1	k562_2	8	7	0.814	0.612694424601346	87.5
NRF1	k562_3	23	21	0.444	0.297533694195359	91.304347826087
NRF1	k562_87	19	19	0.094	0.0734889933327435	100
NRF1	k562_128	9	8	0.643	0.427396390993256	88.8888888888889
NRF1	k562_235	12	12	0.631	0.246131225720897	100
NRF1	k562_274	15	14	0.738	0.48157338432189	93.3333333333333
NRF1	k562_321	14	14	0.147	0.0528078419731401	100
NRF1	k562_338	12	12	0.904	0.389877019434006	100
NRF1	k562_356	16	15	0.485	0.291805158579465	93.75
NRF1	k562_363	9	9	0.317	0.137682274412427	100
NRF1	k562_409	8	8	0.782	0.311630762978765	100
NRF1	k562_531	7	7	0.97	0	100
NRF1	k562_752	7	7	0.866	0.37899019274387	100
NRF1	k562_760	9	9	0.914	0.392219299110771	100
PKNOX1	k562_248	10	10	0.9	0.377543167472083	100
PKNOX1	k562_316	20	18	0.8	0.644386143058391	90
PKNOX1	k562_323	8	8	0.813	0.346581221918592	100
PKNOX1	k562_338	12	12	0.865	0.359014915602917	100
PKNOX1	k562_356	16	10	0.993	0.990467247079627	62.5
PKNOX1	k562_464	14	13	0.853	0.660912480510775	92.8571428571429
PKNOX1	k562_472	9	9	0.594	0.235484114842666	100
PKNOX1	k562_492	14	14	0.996	0	100
PKNOX1	k562_506	8	8	0.65	0.266064148754375	100
PKNOX1	k562_558	13	13	0.612	0.250810816730816	100
PKNOX1	k562_559	8	8	0.88	0.376126218030995	100
PKNOX1	k562_786	9	9	0.706	0.280673762178553	100
PKNOX1	k562_800	10	10	0.9	0.374990453937915	100
REST	k562_1	16	15	0.376	0.216602360588584	93.75
REST	k562_2	8	8	0.456	0.205119523714306	100
REST	k562_3	23	22	0.077	0.0784322172518079	95.6521739130435
REST	k562_49	11	10	0.728	0.471716017953388	90.9090909090909
REST	k562_80	59	59	0.106	0.0401093795443771	100
REST	k562_128	9	5	0.954	0.932005764239962	55.5555555555556
REST	k562_248	10	10	0.803	0.324509213090266	100
REST	k562_273	6	6	0.893	0.449055781592499	100
REST	k562_274	15	13	0.686	0.475144899930034	86.6666666666667
REST	k562_316	20	20	0.278	0.132050788863667	100
REST	k562_322	14	14	0.401	0.224260174322822	100
REST	k562_323	8	8	0.828	0.342454311535327	100
REST	k562_338	12	12	0.913	0.39256735420048	100
REST	k562_353	9	9	0.684	0.283839373770499	100
REST	k562_354	7	7	0.672	0.265527192907601	100
REST	k562_356	16	13	0.662	0.52884449298744	81.25
REST	k562_361	6	5	0.654	0.425278857579897	83.3333333333333
REST	k562_379	15	11	0.933	0.924341840119682	73.3333333333333
REST	k562_399	13	13	0.646	0.265767078534777	100
REST	k562_422	11	11	0.558	0.225590551987407	100
REST	k562_423	9	9	0.606	0.25418377782656	100
REST	k562_462	9	9	0.386	0.17805870644699	100
REST	k562_464	14	12	0.854	0.722699144900011	85.7142857142857
REST	k562_465	6	3	0.919	0.999938701289176	50
REST	k562_472	9	9	0.677	0.290176030495997	100
REST	k562_492	14	14	0.849	0.345034315366939	100
REST	k562_493	16	15	0.849	0.744375202000816	93.75
REST	k562_649	6	6	0.583	0.241639286946477	100
REST	k562_650	7	6	0.828	0.617352489128157	85.7142857142857
REST	k562_670	13	12	0.815	0.507647585232702	92.3076923076923
REST	k562_706	11	11	0.84	0.356235422464963	100
REST	k562_724	6	6	0.267	0.126109582853923	100
REST	k562_789	9	7	0.995	0.999994574036984	77.7777777777778
REST	k562_794	14	14	0.657	0.24466074233864	100
REST	k562_795	11	11	0.882	0.368071549303691	100
STAT5A	k562_1	16	8	0.35	0.265891215876029	50
STAT5A	k562_13	16	5	0.701	0.647605886568399	31.25
STAT5A	k562_14	8	6	0.031	0.0119113462452569	75
STAT5A	k562_16	14	9	0.064	0.0342392254189153	64.2857142857143
STAT5A	k562_21	9	1	0.982	0.954056729177434	11.1111111111111
STAT5A	k562_47	20	4	0.918	0.871095261493522	20
STAT5A	k562_135	6	2	0.187	0.110369191612995	33.3333333333333
STAT5A	k562_141	25	14	0.147	0.102118373586176	56
STAT5A	k562_155	14	7	0.28	0.210916938382908	50
STAT5A	k562_198	19	7	0.636	0.578222746356361	36.8421052631579
STAT5A	k562_202	11	3	0.857	0.78936576184733	27.2727272727273
STAT5A	k562_206	6	1	0.901	0.819294817812897	16.6666666666667
STAT5A	k562_225	6	3	0.451	0.33837869006287	50
STAT5A	k562_227	12	5	0.504	0.392665166880592	41.6666666666667
STAT5A	k562_262	23	4	0.835	0.78230137767799	17.3913043478261
STAT5A	k562_263	13	4	0.701	0.686598316915401	30.7692307692308
STAT5A	k562_291	11	4	0.725	0.635400743464697	36.3636363636364
STAT5A	k562_297	7	3	0.479	0.345175026641133	42.8571428571429
STAT5A	k562_329	19	11	0.202	0.140308240041133	57.8947368421053
STAT5A	k562_334	17	4	0.208	0.141625344607334	23.5294117647059
STAT5A	k562_371	11	5	0.669	0.577924823313704	45.4545454545455
STAT5A	k562_382	7	2	0.674	0.568262699875543	28.5714285714286
STAT5A	k562_428	11	4	0.905	0.850455039156355	36.3636363636364
STAT5A	k562_500	11	4	0.907	0.861289750887133	36.3636363636364
STAT5A	k562_540	9	2	0.673	0.567412096200696	22.2222222222222
STAT5A	k562_638	17	7	0.229	0.194225878486518	41.1764705882353
STAT5A	k562_673	9	5	0.734	0.652751484700412	55.5555555555556
STAT5A	k562_696	11	10	0.101	0.0991613834761263	90.9090909090909
STAT5A	k562_783	15	8	0.701	0.621536568933475	53.3333333333333
TAL1	k562_1	16	10	0.858	0.783184448627687	62.5
TAL1	k562_2	8	7	0.416	0.247674387530286	87.5
TAL1	k562_80	59	47	0.014	0.00818834699034489	79.6610169491525
TAL1	k562_87	19	12	0.82	0.748206595005062	63.1578947368421
TAL1	k562_243	10	5	0.648	0.536685274259533	50
TAL1	k562_248	10	8	0.427	0.284939618081278	80
TAL1	k562_274	15	8	0.847	0.837883395495735	53.3333333333333
TAL1	k562_280	7	4	0.873	0.761224488962754	57.1428571428571
TAL1	k562_322	14	9	0.889	0.840093476502066	64.2857142857143
TAL1	k562_323	8	8	0.319	0.164284701309299	100
TAL1	k562_356	16	7	0.939	0.926701163380875	43.75
TAL1	k562_357	15	12	0.404	0.278508558609795	80
TAL1	k562_418	9	7	0.296	0.193530733258585	77.7777777777778
TAL1	k562_423	9	8	0.231	0.183221199475924	88.8888888888889
TAL1	k562_470	6	1	0.985	0.995667561938543	16.6666666666667
TAL1	k562_506	8	8	0.132	0.0764781735571907	100
TAL1	k562_531	7	3	0.965	0.997517449027979	42.8571428571429
TAL1	k562_559	8	8	0.523	0.250692920288928	100
TAL1	k562_649	6	6	0.31	0.140764476884541	100
TAL1	k562_650	7	4	0.869	0.793443249599661	57.1428571428571
TAL1	k562_725	8	3	0.784	0.845378103159039	37.5
TAL1	k562_786	9	1	0.994	0.999999555735853	11.1111111111111
TAL1	k562_792	8	6	0.692	0.48297562574281	75
TAL1	k562_793	18	13	0.813	0.692182967575949	72.2222222222222
TAL1	k562_800	10	3	0.974	0.98948835901134	30
TAL1	k562_801	11	7	0.782	0.692547823959159	63.6363636363636
TCF12	k562_2	8	7	0.45	0.272311712206187	87.5
TCF12	k562_87	19	12	0.834	0.765062646055669	63.1578947368421
TCF12	k562_248	10	8	0.531	0.394031389414005	80
TCF12	k562_273	6	3	0.842	0.854953986306105	50
TCF12	k562_274	15	3	0.999	0.996017367078191	20
TCF12	k562_323	8	6	0.827	0.692437200605219	75
TCF12	k562_338	12	12	0.465	0.206293776465421	100
TCF12	k562_353	9	8	0.348	0.211660055595788	88.8888888888889
TCF12	k562_356	16	7	0.965	0.936582389748811	43.75
TCF12	k562_357	15	10	0.722	0.611228069402015	66.6666666666667
TCF12	k562_469	12	8	0.58	0.446036990584759	66.6666666666667
TCF12	k562_506	8	8	0.178	0.0940812862704121	100
TCF12	k562_719	6	5	0.507	0.308027201291927	83.3333333333333
TCF12	k562_724	6	5	0.131	0.0666783975659513	83.3333333333333
TCF12	k562_786	9	0	0.997	0.999998212385962	0
TCF12	k562_792	8	6	0.746	0.585624622991905	75
TCF12	k562_793	18	15	0.599	0.457393981297967	83.3333333333333
TCF12	k562_800	10	7	0.805	0.714768641499276	70
TCF12	k562_801	11	7	0.878	0.842234795298075	63.6363636363636
TEAD4	k562_0	8	6	0.354	1	75
TEAD4	k562_2	8	8	0.382	0.168319783550419	100
TEAD4	k562_279	6	4	0.926	0.881288686495577	66.6666666666667
TEAD4	k562_322	14	11	0.863	0.796359852202202	78.5714285714286
TEAD4	k562_323	8	8	0.646	0.270451146796946	100
TEAD4	k562_362	12	11	0.181	0.109618995878429	91.6666666666667
TEAD4	k562_422	11	9	0.844	0.699045954931641	81.8181818181818
TEAD4	k562_425	11	9	0.777	0.596385073375443	81.8181818181818
TEAD4	k562_786	9	2	0.99	0.99277504532902	22.2222222222222
THRA	k562_338	12	0	0.998	0.716572210919467	0
THRA	k562_353	9	0	1	0.789110709507574	0
THRA	k562_650	7	0	0.997	0.743412871359584	0
THRA	k562_734	8	1	0.266	0.250982221274271	12.5
THRA	k562_786	9	0	0.989	0.575785030628139	0
THRA	k562_787	7	0	0.972	0.590304401972865	0
THRA	k562_788	10	0	0.997	0.786861203183149	0
