Group.1	x.active	x.nucleous	x.other
HIM_0	  0.000000	  0.000000	100.000000
HIM_1	  0.000000	100.000000	  0.000000
HIM_10	  0.000000	  0.000000	100.000000
HIM_100	  0.000000	  0.000000	100.000000
HIM_101	  0.000000	 31.250000	 68.750000
HIM_102	  0.000000	  0.000000	100.000000
HIM_103	  0.000000	  0.000000	100.000000
HIM_104	  0.000000	  0.000000	100.000000
HIM_105	  0.000000	  0.000000	100.000000
HIM_106	  0.000000	  0.000000	100.000000
HIM_107	  0.000000	100.000000	  0.000000
HIM_108	 10.000000	  0.000000	 90.000000
HIM_109	  0.000000	  0.000000	100.000000
HIM_11	  0.000000	  0.000000	100.000000
HIM_110	100.000000	  0.000000	  0.000000
HIM_111	  0.000000	  0.000000	100.000000
HIM_112	  0.000000	100.000000	  0.000000
HIM_113	  0.000000	  0.000000	100.000000
HIM_114	  0.000000	  0.000000	100.000000
HIM_115	  0.000000	  0.000000	100.000000
HIM_116	  0.000000	  0.000000	100.000000
HIM_117	  0.000000	  0.000000	100.000000
HIM_118	  0.000000	  0.000000	100.000000
HIM_119	  0.000000	  0.000000	100.000000
HIM_12	  0.000000	  0.000000	100.000000
HIM_120	  0.000000	 66.666667	 33.333333
HIM_121	  0.000000	  0.000000	100.000000
HIM_122	  0.000000	  0.000000	100.000000
HIM_123	  0.000000	  0.000000	100.000000
HIM_124	  0.000000	  0.000000	100.000000
HIM_125	  0.000000	  0.000000	100.000000
HIM_126	  0.000000	  0.000000	100.000000
HIM_127	  0.000000	  0.000000	100.000000
HIM_128	  0.000000	  0.000000	100.000000
HIM_129	  0.000000	  0.000000	100.000000
HIM_13	  0.000000	  0.000000	100.000000
HIM_130	  0.000000	  0.000000	100.000000
HIM_131	  0.000000	  0.000000	100.000000
HIM_132	  0.000000	  0.000000	100.000000
HIM_133	  0.000000	  0.000000	100.000000
HIM_134	  0.000000	  0.000000	100.000000
HIM_135	  0.000000	  0.000000	100.000000
HIM_136	  0.000000	  0.000000	100.000000
HIM_137	  0.000000	  0.000000	100.000000
HIM_138	  0.000000	  0.000000	100.000000
HIM_139	  0.000000	  0.000000	100.000000
HIM_14	  0.000000	  0.000000	100.000000
HIM_140	  0.000000	  0.000000	100.000000
HIM_141	  0.000000	  0.000000	100.000000
HIM_142	  0.000000	  0.000000	100.000000
HIM_143	  0.000000	  0.000000	100.000000
HIM_144	  0.000000	  0.000000	100.000000
HIM_145	  0.000000	  0.000000	100.000000
HIM_146	  0.000000	  0.000000	100.000000
HIM_147	  0.000000	  0.000000	100.000000
HIM_148	  0.000000	  0.000000	100.000000
HIM_149	  0.000000	  0.000000	100.000000
HIM_15	  0.000000	  0.000000	100.000000
HIM_150	  0.000000	 43.750000	 56.250000
HIM_151	  0.000000	  0.000000	100.000000
HIM_152	  0.000000	  0.000000	100.000000
HIM_153	  0.000000	  0.000000	100.000000
HIM_154	  0.000000	  0.000000	100.000000
HIM_155	 33.333333	  0.000000	 66.666667
HIM_156	  0.000000	  0.000000	100.000000
HIM_157	  0.000000	  0.000000	100.000000
HIM_158	  0.000000	  0.000000	100.000000
HIM_159	  0.000000	100.000000	  0.000000
HIM_16	  0.000000	  0.000000	100.000000
HIM_160	  0.000000	  0.000000	100.000000
HIM_161	  0.000000	  0.000000	100.000000
HIM_162	  0.000000	  0.000000	100.000000
HIM_163	  0.000000	  0.000000	100.000000
HIM_164	  2.941176	 11.764706	 85.294118
HIM_165	  0.000000	  0.000000	100.000000
HIM_166	  0.000000	 54.545455	 45.454545
HIM_167	  0.000000	100.000000	  0.000000
HIM_168	  0.000000	  0.000000	100.000000
HIM_169	  0.000000	  0.000000	100.000000
HIM_17	  0.000000	  0.000000	100.000000
HIM_170	  0.000000	  0.000000	100.000000
HIM_171	  0.000000	  0.000000	100.000000
HIM_172	  0.000000	  0.000000	100.000000
HIM_173	  0.000000	 81.818182	 18.181818
HIM_174	  0.000000	  0.000000	100.000000
HIM_175	  0.000000	  0.000000	100.000000
HIM_176	  0.000000	100.000000	  0.000000
HIM_177	  0.000000	  0.000000	100.000000
HIM_178	  0.000000	  0.000000	100.000000
HIM_179	  0.000000	  0.000000	100.000000
HIM_18	  0.000000	  0.000000	100.000000
HIM_180	  0.000000	  0.000000	100.000000
HIM_181	  0.000000	  0.000000	100.000000
HIM_182	  0.000000	  0.000000	100.000000
HIM_183	  0.000000	  0.000000	100.000000
HIM_184	  0.000000	  0.000000	100.000000
HIM_185	  0.000000	  0.000000	100.000000
HIM_186	  0.000000	  0.000000	100.000000
HIM_187	  0.000000	  0.000000	100.000000
HIM_188	  0.000000	  0.000000	100.000000
HIM_189	  0.000000	  0.000000	100.000000
HIM_19	  0.000000	  0.000000	100.000000
HIM_190	  0.000000	  0.000000	100.000000
HIM_191	  0.000000	  0.000000	100.000000
HIM_192	  0.000000	100.000000	  0.000000
HIM_193	  0.000000	  0.000000	100.000000
HIM_194	  0.000000	  0.000000	100.000000
HIM_195	  0.000000	  0.000000	100.000000
HIM_196	  0.000000	  0.000000	100.000000
HIM_197	  0.000000	  0.000000	100.000000
HIM_198	  0.000000	  0.000000	100.000000
HIM_199	  0.000000	  0.000000	100.000000
HIM_2	  0.000000	  0.000000	100.000000
HIM_20	  0.000000	  0.000000	100.000000
HIM_200	  0.000000	  0.000000	100.000000
HIM_201	  0.000000	  0.000000	100.000000
HIM_202	  0.000000	  0.000000	100.000000
HIM_203	  0.000000	100.000000	  0.000000
HIM_204	  0.000000	100.000000	  0.000000
HIM_205	  0.000000	100.000000	  0.000000
HIM_206	  0.000000	 50.000000	 50.000000
HIM_207	  0.000000	  0.000000	100.000000
HIM_208	  0.000000	  0.000000	100.000000
HIM_209	  0.000000	  0.000000	100.000000
HIM_21	  0.000000	  0.000000	100.000000
HIM_210	  0.000000	  0.000000	100.000000
HIM_211	  0.000000	  0.000000	100.000000
HIM_212	  0.000000	  0.000000	100.000000
HIM_213	  0.000000	  0.000000	100.000000
HIM_214	  0.000000	  0.000000	100.000000
HIM_215	  0.000000	  0.000000	100.000000
HIM_216	  0.000000	  0.000000	100.000000
HIM_217	  0.000000	  0.000000	100.000000
HIM_218	  0.000000	  0.000000	100.000000
HIM_219	  0.000000	  0.000000	100.000000
HIM_22	  0.000000	  0.000000	100.000000
HIM_220	  0.000000	  0.000000	100.000000
HIM_221	  0.000000	  0.000000	100.000000
HIM_222	  0.000000	  0.000000	100.000000
HIM_223	  0.000000	  0.000000	100.000000
HIM_224	  0.000000	  0.000000	100.000000
HIM_225	  0.000000	  2.325581	 97.674419
HIM_226	  0.000000	 28.205128	 71.794872
HIM_227	  0.000000	  0.000000	100.000000
HIM_228	  0.000000	  0.000000	100.000000
HIM_229	  0.000000	  0.000000	100.000000
HIM_23	  0.000000	  0.000000	100.000000
HIM_230	  0.000000	  0.000000	100.000000
HIM_231	  0.000000	  0.000000	100.000000
HIM_232	  0.000000	  0.000000	100.000000
HIM_233	  0.000000	  0.000000	100.000000
HIM_234	  0.000000	  0.000000	100.000000
HIM_235	  0.000000	  0.000000	100.000000
HIM_236	  0.000000	  0.000000	100.000000
HIM_237	  0.000000	  0.000000	100.000000
HIM_238	  0.000000	  0.000000	100.000000
HIM_239	  0.000000	  0.000000	100.000000
HIM_24	  0.000000	  0.000000	100.000000
HIM_240	  0.000000	  0.000000	100.000000
HIM_241	  0.000000	  0.000000	100.000000
HIM_242	  0.000000	  0.000000	100.000000
HIM_243	  0.000000	  0.000000	100.000000
HIM_244	  0.000000	  0.000000	100.000000
HIM_245	  0.000000	  0.000000	100.000000
HIM_246	  0.000000	  0.000000	100.000000
HIM_247	  0.000000	  0.000000	100.000000
HIM_248	  0.000000	  0.000000	100.000000
HIM_249	  0.000000	  0.000000	100.000000
HIM_25	  0.000000	  0.000000	100.000000
HIM_250	  0.000000	  0.000000	100.000000
HIM_251	  0.000000	  0.000000	100.000000
HIM_252	  0.000000	  0.000000	100.000000
HIM_253	  0.000000	  0.000000	100.000000
HIM_254	  0.000000	  0.000000	100.000000
HIM_255	  0.000000	  0.000000	100.000000
HIM_256	  0.000000	  0.000000	100.000000
HIM_257	  0.000000	  0.000000	100.000000
HIM_258	  0.000000	  0.000000	100.000000
HIM_259	  0.000000	  0.000000	100.000000
HIM_26	  0.000000	  0.000000	100.000000
HIM_260	  0.000000	  0.000000	100.000000
HIM_261	  0.000000	  0.000000	100.000000
HIM_262	  0.000000	  0.000000	100.000000
HIM_263	 18.965517	  0.000000	 81.034483
HIM_264	100.000000	  0.000000	  0.000000
HIM_265	 72.727273	  0.000000	 27.272727
HIM_266	  0.000000	  0.000000	100.000000
HIM_267	  0.000000	100.000000	  0.000000
HIM_268	  0.000000	  0.000000	100.000000
HIM_269	  0.000000	  0.000000	100.000000
HIM_27	  0.000000	  0.000000	100.000000
HIM_270	  0.000000	  0.000000	100.000000
HIM_271	 60.000000	  0.000000	 40.000000
HIM_272	  0.000000	  4.545455	 95.454545
HIM_273	  0.000000	  0.000000	100.000000
HIM_274	  0.000000	  0.000000	100.000000
HIM_275	 77.777778	  0.000000	 22.222222
HIM_276	  0.000000	  0.000000	100.000000
HIM_277	  0.000000	  0.000000	100.000000
HIM_278	 90.740741	  0.000000	  9.259259
HIM_279	  0.000000	  0.000000	100.000000
HIM_28	  0.000000	  0.000000	100.000000
HIM_280	  0.000000	  0.000000	100.000000
HIM_281	  0.000000	 12.500000	 87.500000
HIM_282	  0.000000	  0.000000	100.000000
HIM_283	  0.000000	  0.000000	100.000000
HIM_284	  0.000000	  0.000000	100.000000
HIM_285	  0.000000	  0.000000	100.000000
HIM_286	  0.000000	  0.000000	100.000000
HIM_287	  0.000000	  0.000000	100.000000
HIM_288	  0.000000	  0.000000	100.000000
HIM_289	 44.827586	  0.000000	 55.172414
HIM_29	  0.000000	  0.000000	100.000000
HIM_290	 42.105263	  0.000000	 57.894737
HIM_291	  0.000000	  0.000000	100.000000
HIM_292	  0.000000	  0.000000	100.000000
HIM_293	  0.000000	  0.000000	100.000000
HIM_294	  0.000000	  0.000000	100.000000
HIM_295	  0.000000	 90.000000	 10.000000
HIM_296	  0.000000	  0.000000	100.000000
HIM_297	  0.000000	  0.000000	100.000000
HIM_298	  0.000000	  0.000000	100.000000
HIM_299	  0.000000	  0.000000	100.000000
HIM_3	  0.000000	  0.000000	100.000000
HIM_30	  0.000000	  0.000000	100.000000
HIM_300	 11.111111	  0.000000	 88.888889
HIM_301	  0.000000	  0.000000	100.000000
HIM_302	  0.000000	  0.000000	100.000000
HIM_303	  0.000000	  0.000000	100.000000
HIM_304	  0.000000	  0.000000	100.000000
HIM_305	  0.000000	  0.000000	100.000000
HIM_306	  0.000000	  0.000000	100.000000
HIM_307	  0.000000	100.000000	  0.000000
HIM_308	  0.000000	100.000000	  0.000000
HIM_309	  0.000000	  0.000000	100.000000
HIM_31	  0.000000	  0.000000	100.000000
HIM_310	  0.000000	 10.144928	 89.855072
HIM_311	  0.000000	  0.000000	100.000000
HIM_312	  0.000000	  0.000000	100.000000
HIM_313	  0.000000	  0.000000	100.000000
HIM_314	  9.821429	  2.678571	 87.500000
HIM_315	  0.000000	  8.928571	 91.071429
HIM_316	  0.000000	  0.000000	100.000000
HIM_317	  0.000000	  0.000000	100.000000
HIM_318	  0.000000	  0.000000	100.000000
HIM_319	  0.000000	  6.666667	 93.333333
HIM_32	  0.000000	  0.000000	100.000000
HIM_320	  0.000000	  0.000000	100.000000
HIM_321	  0.000000	  0.000000	100.000000
HIM_322	  0.000000	  0.000000	100.000000
HIM_323	  0.000000	  0.000000	100.000000
HIM_324	  0.000000	  0.000000	100.000000
HIM_325	  0.000000	  0.000000	100.000000
HIM_326	  0.000000	  0.000000	100.000000
HIM_327	  0.000000	  0.000000	100.000000
HIM_328	  0.000000	  0.000000	100.000000
HIM_329	  0.000000	  0.000000	100.000000
HIM_33	  0.000000	  0.000000	100.000000
HIM_330	  0.000000	  0.000000	100.000000
HIM_331	  0.000000	  0.000000	100.000000
HIM_332	  0.000000	  0.000000	100.000000
HIM_333	  0.000000	  0.000000	100.000000
HIM_334	  0.000000	  0.000000	100.000000
HIM_335	  0.000000	  0.000000	100.000000
HIM_336	  0.000000	  0.000000	100.000000
HIM_337	  0.000000	  0.000000	100.000000
HIM_338	  0.000000	  0.000000	100.000000
HIM_339	  0.000000	  0.000000	100.000000
HIM_34	  0.000000	 25.000000	 75.000000
HIM_340	  0.000000	  0.000000	100.000000
HIM_341	  0.000000	  0.000000	100.000000
HIM_342	  0.000000	  0.000000	100.000000
HIM_343	  0.000000	  0.000000	100.000000
HIM_344	  0.000000	  0.000000	100.000000
HIM_345	  0.000000	  0.000000	100.000000
HIM_346	  0.000000	  0.000000	100.000000
HIM_347	  0.000000	  0.000000	100.000000
HIM_348	  0.000000	  0.000000	100.000000
HIM_349	  0.000000	  0.000000	100.000000
HIM_35	  0.000000	  0.000000	100.000000
HIM_350	  0.000000	  0.000000	100.000000
HIM_351	  0.000000	  0.000000	100.000000
HIM_352	  0.000000	  0.000000	100.000000
HIM_353	  0.000000	  0.000000	100.000000
HIM_354	  0.000000	  0.000000	100.000000
HIM_355	  0.000000	  0.000000	100.000000
HIM_356	  0.000000	  0.000000	100.000000
HIM_357	  0.000000	  0.000000	100.000000
HIM_358	  0.000000	  8.333333	 91.666667
HIM_359	  0.000000	  0.000000	100.000000
HIM_36	  0.000000	  0.000000	100.000000
HIM_360	 22.222222	  0.000000	 77.777778
HIM_361	  0.000000	 41.666667	 58.333333
HIM_362	 21.428571	  0.000000	 78.571429
HIM_363	  0.000000	  0.000000	100.000000
HIM_364	  0.000000	  0.000000	100.000000
HIM_365	  0.000000	  0.000000	100.000000
HIM_366	  0.000000	  0.000000	100.000000
HIM_367	  0.000000	  0.000000	100.000000
HIM_368	  0.000000	  0.000000	100.000000
HIM_369	  0.000000	  0.000000	100.000000
HIM_37	  0.000000	  0.000000	100.000000
HIM_370	  0.000000	  0.000000	100.000000
HIM_371	  0.000000	  0.000000	100.000000
HIM_372	  0.000000	  0.000000	100.000000
HIM_373	  0.000000	 62.500000	 37.500000
HIM_374	  0.000000	 10.000000	 90.000000
HIM_375	  0.000000	  0.000000	100.000000
HIM_376	  0.000000	  0.000000	100.000000
HIM_377	  0.000000	  0.000000	100.000000
HIM_378	  0.000000	  0.000000	100.000000
HIM_379	  0.000000	  0.000000	100.000000
HIM_38	  0.000000	  0.000000	100.000000
HIM_380	  0.000000	  0.000000	100.000000
HIM_381	  0.000000	  0.000000	100.000000
HIM_382	  0.000000	  0.000000	100.000000
HIM_383	  0.000000	  0.000000	100.000000
HIM_384	 92.207792	  0.000000	  7.792208
HIM_385	 20.000000	  0.000000	 80.000000
HIM_386	 48.387097	  0.000000	 51.612903
HIM_387	  0.000000	  0.000000	100.000000
HIM_388	  0.000000	 71.428571	 28.571429
HIM_389	 94.117647	  0.000000	  5.882353
HIM_39	  0.000000	  0.000000	100.000000
HIM_390	 48.275862	  0.000000	 51.724138
HIM_391	  0.000000	  0.000000	100.000000
HIM_392	 17.647059	 70.588235	 11.764706
HIM_393	  0.000000	  0.000000	100.000000
HIM_394	  0.000000	  0.000000	100.000000
HIM_395	  0.000000	 16.666667	 83.333333
HIM_396	  0.000000	  0.000000	100.000000
HIM_397	  0.000000	  0.000000	100.000000
HIM_398	  0.000000	  0.000000	100.000000
HIM_399	  0.000000	  0.000000	100.000000
HIM_4	  0.000000	  0.000000	100.000000
HIM_40	  0.000000	  0.000000	100.000000
HIM_400	  0.000000	  0.000000	100.000000
HIM_401	  0.000000	  0.000000	100.000000
HIM_402	  0.000000	  0.000000	100.000000
HIM_403	  0.000000	 18.181818	 81.818182
HIM_404	  0.000000	 60.000000	 40.000000
HIM_405	  0.000000	  0.000000	100.000000
HIM_406	  0.000000	  0.000000	100.000000
HIM_407	  0.000000	  0.000000	100.000000
HIM_408	  0.000000	  0.000000	100.000000
HIM_409	  0.000000	  0.000000	100.000000
HIM_41	  0.000000	  0.000000	100.000000
HIM_410	  0.000000	  0.000000	100.000000
HIM_411	  0.000000	  0.000000	100.000000
HIM_412	  0.000000	  0.000000	100.000000
HIM_413	  0.000000	  0.000000	100.000000
HIM_414	  0.000000	  0.000000	100.000000
HIM_415	  0.000000	  0.000000	100.000000
HIM_416	  0.000000	 22.222222	 77.777778
HIM_417	  0.000000	  0.000000	100.000000
HIM_418	  0.000000	  0.000000	100.000000
HIM_419	  0.000000	  0.000000	100.000000
HIM_42	  0.000000	  0.000000	100.000000
HIM_420	  0.000000	  3.030303	 96.969697
HIM_421	  0.000000	  0.000000	100.000000
HIM_422	  0.000000	  0.000000	100.000000
HIM_423	  0.000000	  0.000000	100.000000
HIM_424	  0.000000	 54.901961	 45.098039
HIM_425	  0.000000	  0.000000	100.000000
HIM_426	  0.000000	  0.000000	100.000000
HIM_427	  0.000000	  0.000000	100.000000
HIM_428	  0.000000	  0.000000	100.000000
HIM_429	  0.000000	  0.000000	100.000000
HIM_43	  0.000000	100.000000	  0.000000
HIM_430	  0.000000	  0.000000	100.000000
HIM_431	  0.000000	  0.000000	100.000000
HIM_432	  0.000000	  0.000000	100.000000
HIM_433	  0.000000	  0.000000	100.000000
HIM_434	  0.000000	  0.000000	100.000000
HIM_435	  0.000000	  0.000000	100.000000
HIM_436	  0.000000	  0.000000	100.000000
HIM_437	  0.000000	  0.000000	100.000000
HIM_438	  0.000000	  0.000000	100.000000
HIM_439	  0.000000	  0.000000	100.000000
HIM_44	  0.000000	  0.000000	100.000000
HIM_440	 33.333333	  0.000000	 66.666667
HIM_441	 12.500000	  0.000000	 87.500000
HIM_442	  0.000000	  0.000000	100.000000
HIM_443	  0.000000	  0.000000	100.000000
HIM_444	  0.000000	  0.000000	100.000000
HIM_445	  0.000000	100.000000	  0.000000
HIM_446	  0.000000	100.000000	  0.000000
HIM_447	  0.000000	 83.333333	 16.666667
HIM_448	  0.000000	  0.000000	100.000000
HIM_449	  0.000000	  0.000000	100.000000
HIM_45	  0.000000	 30.000000	 70.000000
HIM_450	  0.000000	  0.000000	100.000000
HIM_451	  0.000000	  0.000000	100.000000
HIM_452	  0.000000	 14.285714	 85.714286
HIM_453	  0.000000	 25.000000	 75.000000
HIM_454	  0.000000	  0.000000	100.000000
HIM_455	  0.000000	  0.000000	100.000000
HIM_456	  0.000000	  0.000000	100.000000
HIM_457	  0.000000	  0.000000	100.000000
HIM_458	  0.000000	  0.000000	100.000000
HIM_459	  0.000000	  0.000000	100.000000
HIM_46	  0.000000	  0.000000	100.000000
HIM_460	  0.000000	  0.000000	100.000000
HIM_461	  0.000000	  0.000000	100.000000
HIM_462	  0.000000	  0.000000	100.000000
HIM_463	  0.000000	  0.000000	100.000000
HIM_464	  0.000000	  1.923077	 98.076923
HIM_465	  0.000000	  0.000000	100.000000
HIM_466	  0.000000	  0.000000	100.000000
HIM_467	  0.000000	  3.125000	 96.875000
HIM_468	 37.500000	  0.000000	 62.500000
HIM_469	  0.000000	  0.000000	100.000000
HIM_47	  0.000000	  0.000000	100.000000
HIM_470	  0.000000	  0.000000	100.000000
HIM_471	  0.000000	  0.000000	100.000000
HIM_472	  0.000000	  0.000000	100.000000
HIM_473	  0.000000	 18.181818	 81.818182
HIM_474	  0.000000	  0.000000	100.000000
HIM_475	  0.000000	  0.000000	100.000000
HIM_476	  0.000000	  0.000000	100.000000
HIM_477	  0.000000	  0.000000	100.000000
HIM_478	  0.000000	  0.000000	100.000000
HIM_479	 93.750000	  0.000000	  6.250000
HIM_48	  0.000000	  0.000000	100.000000
HIM_480	  0.000000	  0.000000	100.000000
HIM_481	 56.000000	  0.000000	 44.000000
HIM_482	 41.666667	  0.000000	 58.333333
HIM_483	100.000000	  0.000000	  0.000000
HIM_484	  0.000000	 34.375000	 65.625000
HIM_485	 37.931034	 17.241379	 44.827586
HIM_486	  0.000000	  0.000000	100.000000
HIM_487	  0.000000	  0.000000	100.000000
HIM_488	  0.000000	  0.000000	100.000000
HIM_489	  0.000000	  0.000000	100.000000
HIM_49	  0.000000	  0.000000	100.000000
HIM_490	  0.000000	  0.000000	100.000000
HIM_491	  0.000000	  0.000000	100.000000
HIM_492	  0.000000	  0.000000	100.000000
HIM_493	  0.000000	  0.000000	100.000000
HIM_494	  0.000000	  0.000000	100.000000
HIM_495	  0.000000	  0.000000	100.000000
HIM_496	  0.000000	  0.000000	100.000000
HIM_497	  0.000000	  0.000000	100.000000
HIM_498	  0.000000	  0.000000	100.000000
HIM_499	  0.000000	  0.000000	100.000000
HIM_5	  0.000000	  0.000000	100.000000
HIM_50	  0.000000	  0.000000	100.000000
HIM_500	  0.000000	  0.000000	100.000000
HIM_501	 10.000000	  0.000000	 90.000000
HIM_502	  0.000000	  0.000000	100.000000
HIM_503	  0.000000	  0.000000	100.000000
HIM_504	  0.000000	  0.000000	100.000000
HIM_505	  0.000000	 30.769231	 69.230769
HIM_506	  0.000000	 14.814815	 85.185185
HIM_507	  0.000000	 12.500000	 87.500000
HIM_508	  0.000000	  0.000000	100.000000
HIM_509	  0.000000	  0.000000	100.000000
HIM_51	  0.000000	  0.000000	100.000000
HIM_510	  0.000000	  0.000000	100.000000
HIM_511	  0.000000	  0.000000	100.000000
HIM_512	  0.000000	  0.000000	100.000000
HIM_513	  0.000000	  0.000000	100.000000
HIM_514	  0.000000	  0.000000	100.000000
HIM_515	  0.000000	100.000000	  0.000000
HIM_516	  0.000000	100.000000	  0.000000
HIM_517	  0.000000	  0.000000	100.000000
HIM_518	  0.000000	  0.000000	100.000000
HIM_519	  0.000000	  5.882353	 94.117647
HIM_52	  0.000000	  0.000000	100.000000
HIM_520	  0.000000	 21.621622	 78.378378
HIM_521	  0.000000	  0.000000	100.000000
HIM_522	  0.000000	  0.000000	100.000000
HIM_523	  0.000000	  0.000000	100.000000
HIM_524	  0.000000	  0.000000	100.000000
HIM_525	  0.000000	  0.000000	100.000000
HIM_526	  0.000000	  0.000000	100.000000
HIM_527	  0.000000	  0.000000	100.000000
HIM_528	  0.000000	  0.000000	100.000000
HIM_529	  0.000000	  0.000000	100.000000
HIM_53	  0.000000	  0.000000	100.000000
HIM_530	  0.000000	  0.000000	100.000000
HIM_531	  0.000000	  0.000000	100.000000
HIM_532	  0.000000	  0.000000	100.000000
HIM_533	  0.000000	  0.000000	100.000000
HIM_534	  0.000000	  5.000000	 95.000000
HIM_535	  0.000000	  6.250000	 93.750000
HIM_536	  0.000000	 26.666667	 73.333333
HIM_537	  0.000000	  0.000000	100.000000
HIM_538	  0.000000	  0.000000	100.000000
HIM_539	  0.000000	  0.000000	100.000000
HIM_54	  0.000000	  0.000000	100.000000
HIM_540	  0.000000	 16.666667	 83.333333
HIM_541	  0.000000	 24.137931	 75.862069
HIM_542	  0.000000	  0.000000	100.000000
HIM_543	  0.000000	  0.000000	100.000000
HIM_544	  0.000000	  0.000000	100.000000
HIM_545	  0.000000	  0.000000	100.000000
HIM_546	 43.478261	  0.000000	 56.521739
HIM_547	  0.000000	  0.000000	100.000000
HIM_548	  0.000000	  0.000000	100.000000
HIM_549	  0.000000	  0.000000	100.000000
HIM_55	100.000000	  0.000000	  0.000000
HIM_550	  0.000000	 83.333333	 16.666667
HIM_551	  0.000000	  0.000000	100.000000
HIM_552	  0.000000	  0.000000	100.000000
HIM_553	  0.000000	  0.000000	100.000000
HIM_554	  0.000000	  0.000000	100.000000
HIM_555	  0.000000	  0.000000	100.000000
HIM_556	  0.000000	  0.000000	100.000000
HIM_557	  0.000000	  0.000000	100.000000
HIM_558	  0.000000	  0.000000	100.000000
HIM_559	  0.000000	  0.000000	100.000000
HIM_56	  0.000000	  0.000000	100.000000
HIM_560	  0.000000	  0.000000	100.000000
HIM_561	  0.000000	  0.000000	100.000000
HIM_562	  0.000000	  0.000000	100.000000
HIM_563	  0.000000	  0.000000	100.000000
HIM_564	  0.000000	  0.000000	100.000000
HIM_565	 26.666667	  0.000000	 73.333333
HIM_566	  0.000000	  0.000000	100.000000
HIM_567	  0.000000	  0.000000	100.000000
HIM_568	  0.000000	  0.000000	100.000000
HIM_569	  0.000000	  0.000000	100.000000
HIM_57	  0.000000	  0.000000	100.000000
HIM_570	  0.000000	  0.000000	100.000000
HIM_571	  0.000000	  0.000000	100.000000
HIM_572	  0.000000	  0.000000	100.000000
HIM_573	  0.000000	  0.000000	100.000000
HIM_574	  0.000000	  0.000000	100.000000
HIM_575	  0.000000	 11.111111	 88.888889
HIM_576	  0.000000	 61.538462	 38.461538
HIM_577	  0.000000	  0.000000	100.000000
HIM_578	  0.000000	  0.000000	100.000000
HIM_579	  0.000000	  0.000000	100.000000
HIM_58	  0.000000	  0.000000	100.000000
HIM_580	  0.000000	  0.000000	100.000000
HIM_581	  0.000000	  0.000000	100.000000
HIM_582	  0.000000	  0.000000	100.000000
HIM_583	  0.000000	  0.000000	100.000000
HIM_584	  0.000000	  0.000000	100.000000
HIM_585	  0.000000	  0.000000	100.000000
HIM_586	  0.000000	  0.000000	100.000000
HIM_587	  0.000000	  0.000000	100.000000
HIM_588	  0.000000	  0.000000	100.000000
HIM_589	  0.000000	 14.285714	 85.714286
HIM_59	  0.000000	100.000000	  0.000000
HIM_590	  0.000000	 10.000000	 90.000000
HIM_591	  0.000000	 16.666667	 83.333333
HIM_592	  0.000000	  0.000000	100.000000
HIM_593	  0.000000	  0.000000	100.000000
HIM_594	  0.000000	  0.000000	100.000000
HIM_595	  0.000000	  0.000000	100.000000
HIM_596	  0.000000	  0.000000	100.000000
HIM_597	  0.000000	  0.000000	100.000000
HIM_598	  0.000000	  0.000000	100.000000
HIM_599	  0.000000	100.000000	  0.000000
HIM_6	  0.000000	  0.000000	100.000000
HIM_60	  0.000000	  0.000000	100.000000
HIM_600	  0.000000	100.000000	  0.000000
HIM_601	  0.000000	 41.666667	 58.333333
HIM_602	  0.000000	 62.500000	 37.500000
HIM_603	  0.000000	100.000000	  0.000000
HIM_604	  0.000000	100.000000	  0.000000
HIM_605	  0.000000	  0.000000	100.000000
HIM_606	  0.000000	  0.000000	100.000000
HIM_607	  5.000000	  0.000000	 95.000000
HIM_608	  0.000000	  0.000000	100.000000
HIM_609	  0.000000	  0.000000	100.000000
HIM_61	  0.000000	100.000000	  0.000000
HIM_610	100.000000	  0.000000	  0.000000
HIM_611	  0.000000	  0.000000	100.000000
HIM_612	  0.000000	  0.000000	100.000000
HIM_613	  0.000000	  0.000000	100.000000
HIM_614	100.000000	  0.000000	  0.000000
HIM_615	 52.941176	  0.000000	 47.058824
HIM_616	  0.000000	  0.000000	100.000000
HIM_617	  0.000000	  0.000000	100.000000
HIM_618	  0.000000	  8.333333	 91.666667
HIM_619	  0.000000	 13.636364	 86.363636
HIM_62	  0.000000	 80.645161	 19.354839
HIM_620	  0.000000	  0.000000	100.000000
HIM_621	  0.000000	  0.000000	100.000000
HIM_622	  0.000000	  0.000000	100.000000
HIM_623	  0.000000	  0.000000	100.000000
HIM_624	  3.571429	 17.857143	 78.571429
HIM_625	  0.000000	  5.555556	 94.444444
HIM_626	100.000000	  0.000000	  0.000000
HIM_627	 75.000000	  0.000000	 25.000000
HIM_628	  0.000000	  0.000000	100.000000
HIM_629	  0.000000	  0.000000	100.000000
HIM_63	  0.000000	100.000000	  0.000000
HIM_630	  0.000000	100.000000	  0.000000
HIM_631	  0.000000	100.000000	  0.000000
HIM_632	  0.000000	  0.000000	100.000000
HIM_633	  0.000000	 37.500000	 62.500000
HIM_634	  0.000000	  0.000000	100.000000
HIM_635	  0.000000	  0.000000	100.000000
HIM_636	  0.000000	  0.000000	100.000000
HIM_637	  0.000000	  0.000000	100.000000
HIM_638	  0.000000	  0.000000	100.000000
HIM_639	  0.000000	  0.000000	100.000000
HIM_64	 92.307692	  0.000000	  7.692308
HIM_640	  0.000000	  0.000000	100.000000
HIM_641	  0.000000	  0.000000	100.000000
HIM_642	  0.000000	  0.000000	100.000000
HIM_643	  0.000000	  0.000000	100.000000
HIM_644	  0.000000	  0.000000	100.000000
HIM_645	  0.000000	  0.000000	100.000000
HIM_646	100.000000	  0.000000	  0.000000
HIM_647	100.000000	  0.000000	  0.000000
HIM_648	  0.000000	  0.000000	100.000000
HIM_649	  0.000000	  6.666667	 93.333333
HIM_65	  0.000000	100.000000	  0.000000
HIM_66	  0.000000	  0.000000	100.000000
HIM_67	  0.000000	  0.000000	100.000000
HIM_68	  0.000000	  0.000000	100.000000
HIM_69	  0.000000	  0.000000	100.000000
HIM_7	100.000000	  0.000000	  0.000000
HIM_70	  0.000000	  0.000000	100.000000
HIM_71	  0.000000	  0.000000	100.000000
HIM_72	  0.000000	  0.000000	100.000000
HIM_73	  0.000000	  0.000000	100.000000
HIM_74	  0.000000	  0.000000	100.000000
HIM_75	  0.000000	  0.000000	100.000000
HIM_76	  0.000000	  0.000000	100.000000
HIM_77	  0.000000	100.000000	  0.000000
HIM_78	  0.000000	  0.000000	100.000000
HIM_79	  0.000000	  0.000000	100.000000
HIM_8	  0.000000	  0.000000	100.000000
HIM_80	  0.000000	  0.000000	100.000000
HIM_81	  0.000000	  0.000000	100.000000
HIM_82	  0.000000	  0.000000	100.000000
HIM_83	  0.000000	  0.000000	100.000000
HIM_84	  0.000000	100.000000	  0.000000
HIM_85	  0.000000	  0.000000	100.000000
HIM_86	  0.000000	  0.000000	100.000000
HIM_87	  0.000000	  0.000000	100.000000
HIM_88	 60.000000	  0.000000	 40.000000
HIM_89	  0.000000	  0.000000	100.000000
HIM_9	  0.000000	  0.000000	100.000000
HIM_90	  0.000000	  0.000000	100.000000
HIM_91	  0.000000	 37.500000	 62.500000
HIM_92	  0.000000	  0.000000	100.000000
HIM_93	  0.000000	 14.285714	 85.714286
HIM_94	  0.000000	  0.000000	100.000000
HIM_95	  0.000000	  0.000000	100.000000
HIM_96	  0.000000	  0.000000	100.000000
HIM_97	  0.000000	  0.000000	100.000000
HIM_98	  0.000000	  0.000000	100.000000
HIM_99	  0.000000	  0.000000	100.000000
